0.0,1.0,157.0,316.5,80.0,37.0,13.0,0.0,0.0,0.6988021731376648
0.0,2.0,30.0,324.0,40.0,44.0,13.0,0.0,0.0,0.5679309964179993
0.0,3.0,597.0,306.0,60.0,46.0,1.0,0.0,0.0,0.5140989422798157
1.0,2.0,30.0,325.5,40.0,49.0,13.0,0.0,0.0,0.30215373635292053
2.0,3.0,595.5,306.0,57.0,46.0,1.0,0.0,0.0,0.439345121383667
2.0,2.0,30.0,323.0,40.0,44.0,13.0,0.0,0.0,0.3730091154575348
3.0,3.0,595.5,305.0,57.0,46.0,1.0,0.0,0.0,0.44411972165107727
3.0,2.0,30.0,326.5,40.0,51.0,13.0,0.0,0.0,0.3426310122013092
4.0,3.0,595.5,305.5,57.0,47.0,1.0,0.0,0.0,0.6653168797492981
4.0,1.0,157.5,317.0,81.0,38.0,13.0,0.0,0.0,0.49863409996032715
4.0,2.0,30.5,323.5,41.0,45.0,13.0,0.0,0.0,0.4502611756324768
5.0,1.0,157.5,317.0,79.0,40.0,13.0,0.0,0.0,0.48831459879875183
5.0,2.0,30.0,330.0,40.0,56.0,13.0,0.0,0.0,0.33654800057411194
5.0,3.0,595.5,305.5,57.0,45.0,1.0,0.0,0.0,0.31137800216674805
6.0,1.0,175.5,315.0,117.0,38.0,13.0,0.0,0.0,0.7110446691513062
6.0,2.0,30.0,324.0,40.0,46.0,13.0,0.0,0.0,0.5428239703178406
7.0,1.0,158.0,316.0,82.0,38.0,13.0,0.0,0.0,0.5513479709625244
7.0,2.0,30.0,324.0,40.0,46.0,13.0,0.0,0.0,0.39881473779678345
7.0,3.0,596.5,305.0,59.0,44.0,1.0,0.0,0.0,0.35888782143592834
8.0,1.0,158.0,317.0,80.0,40.0,13.0,0.0,0.0,0.6438000798225403
8.0,2.0,30.0,327.0,40.0,52.0,13.0,0.0,0.0,0.6282891631126404
9.0,2.0,30.0,327.0,40.0,52.0,13.0,0.0,0.0,0.45836788415908813
9.0,1.0,176.5,315.5,119.0,37.0,13.0,0.0,0.0,0.4219706952571869
9.0,3.0,596.0,306.0,58.0,46.0,1.0,0.0,0.0,0.32167261838912964
10.0,1.0,157.5,316.5,79.0,37.0,13.0,0.0,0.0,0.4555782675743103
10.0,2.0,30.0,322.5,40.0,41.0,13.0,0.0,0.0,0.32966163754463196
11.0,1.0,157.5,317.5,81.0,41.0,13.0,0.0,0.0,0.4067027270793915
11.0,3.0,597.0,305.5,60.0,45.0,1.0,0.0,0.0,0.3262741267681122
12.0,2.0,30.0,324.0,40.0,44.0,13.0,0.0,0.0,0.4346061646938324
12.0,3.0,596.0,304.0,58.0,50.0,1.0,0.0,0.0,0.3773743808269501
13.0,3.0,595.5,305.5,57.0,45.0,1.0,0.0,0.0,0.5364027619361877
13.0,4.0,354.5,285.5,49.0,39.0,1.0,0.0,0.0,0.4985489845275879
13.0,1.0,173.5,316.5,119.0,41.0,13.0,0.0,0.0,0.4604544937610626
13.0,1.0,156.0,317.0,84.0,40.0,13.0,0.0,0.0,0.41906672716140747
13.0,2.0,30.0,325.0,40.0,46.0,13.0,0.0,0.0,0.3484587073326111
14.0,1.0,157.5,315.5,79.0,37.0,13.0,0.0,0.0,0.5434596538543701
14.0,3.0,595.0,305.5,56.0,45.0,1.0,0.0,0.0,0.3957454264163971
14.0,2.0,30.5,324.5,39.0,39.0,13.0,0.0,0.0,0.36933061480522156
15.0,1.0,157.0,316.0,80.0,36.0,13.0,0.0,0.0,0.5466251373291016
15.0,2.0,30.0,328.5,40.0,49.0,13.0,0.0,0.0,0.3371082544326782
15.0,3.0,595.5,305.5,57.0,45.0,1.0,0.0,0.0,0.3139636516571045
16.0,3.0,598.0,305.5,62.0,47.0,1.0,0.0,0.0,0.3375907242298126
17.0,1.0,157.5,316.0,79.0,40.0,13.0,0.0,0.0,0.5414555072784424
17.0,3.0,595.0,306.0,56.0,46.0,1.0,0.0,0.0,0.3497489392757416
17.0,2.0,30.0,324.5,40.0,43.0,13.0,0.0,0.0,0.3360995054244995
18.0,1.0,157.5,315.0,79.0,36.0,13.0,0.0,0.0,0.7679652571678162
18.0,4.0,461.0,304.5,34.0,35.0,1.0,0.0,0.0,0.3465330898761749
18.0,2.0,30.5,323.5,39.0,45.0,13.0,0.0,0.0,0.30056431889533997
19.0,1.0,178.5,316.0,123.0,40.0,13.0,0.0,0.0,0.5460077524185181
19.0,4.0,356.0,286.5,48.0,41.0,1.0,0.0,0.0,0.3397970497608185
19.0,3.0,596.5,305.0,59.0,46.0,1.0,0.0,0.0,0.32840195298194885
20.0,1.0,158.0,318.0,80.0,42.0,13.0,0.0,0.0,0.5091142058372498
21.0,2.0,30.0,323.5,40.0,47.0,13.0,0.0,0.0,0.6345426440238953
21.0,1.0,158.5,316.0,81.0,38.0,13.0,0.0,0.0,0.31143707036972046
22.0,1.0,157.5,317.0,81.0,40.0,13.0,0.0,0.0,0.5977622270584106
22.0,2.0,30.0,324.5,40.0,47.0,13.0,0.0,0.0,0.39408934116363525
23.0,1.0,157.5,317.0,81.0,40.0,13.0,0.0,0.0,0.7636958956718445
23.0,3.0,595.5,305.0,57.0,46.0,1.0,0.0,0.0,0.3859657347202301
24.0,3.0,597.5,305.5,61.0,47.0,1.0,0.0,0.0,0.5445159077644348
24.0,5.0,299.0,249.5,214.0,109.0,5.0,0.0,0.0,0.5091020464897156
24.0,1.0,157.5,317.0,79.0,40.0,13.0,0.0,0.0,0.46042701601982117
25.0,1.0,157.0,317.0,80.0,40.0,13.0,0.0,0.0,0.6186215877532959
25.0,2.0,30.0,328.0,40.0,50.0,13.0,0.0,0.0,0.5585875511169434
25.0,3.0,597.5,305.5,61.0,47.0,1.0,0.0,0.0,0.5254525542259216
26.0,1.0,157.5,316.0,81.0,36.0,13.0,0.0,0.0,0.5580903887748718
26.0,3.0,598.0,306.5,62.0,47.0,1.0,0.0,0.0,0.344319611787796
26.0,2.0,30.0,324.0,40.0,46.0,13.0,0.0,0.0,0.3094223737716675
27.0,1.0,157.0,315.0,80.0,38.0,13.0,0.0,0.0,0.5770803689956665
27.0,3.0,598.0,305.5,62.0,47.0,1.0,0.0,0.0,0.43417543172836304
27.0,2.0,30.0,324.0,40.0,48.0,13.0,0.0,0.0,0.43278777599334717
28.0,3.0,596.0,303.5,58.0,45.0,1.0,0.0,0.0,0.5412567853927612
28.0,1.0,156.5,315.5,79.0,39.0,13.0,0.0,0.0,0.46747469902038574
29.0,2.0,30.0,328.5,40.0,55.0,13.0,0.0,0.0,0.5409354567527771
29.0,1.0,175.5,316.0,117.0,40.0,13.0,0.0,0.0,0.4582710266113281
29.0,3.0,598.5,305.5,63.0,49.0,1.0,0.0,0.0,0.3237961232662201
30.0,1.0,157.5,316.0,79.0,38.0,13.0,0.0,0.0,0.5811259746551514
30.0,3.0,596.5,304.0,59.0,48.0,1.0,0.0,0.0,0.5448742508888245
30.0,2.0,30.0,328.5,40.0,57.0,13.0,0.0,0.0,0.5316470861434937
31.0,3.0,598.0,305.0,62.0,48.0,1.0,0.0,0.0,0.475829154253006
32.0,2.0,30.0,323.0,40.0,44.0,13.0,0.0,0.0,0.42599231004714966
32.0,3.0,594.5,303.0,55.0,42.0,1.0,0.0,0.0,0.37708741426467896
32.0,1.0,157.5,316.5,79.0,39.0,13.0,0.0,0.0,0.3666047751903534
33.0,2.0,29.5,323.5,39.0,45.0,13.0,0.0,0.0,0.4726466238498688
33.0,1.0,157.0,316.5,80.0,37.0,13.0,0.0,0.0,0.4301099479198456
34.0,1.0,157.0,317.0,80.0,40.0,13.0,0.0,0.0,0.4992647171020508
34.0,2.0,29.5,325.0,39.0,46.0,13.0,0.0,0.0,0.3695352375507355
35.0,1.0,157.0,316.5,80.0,39.0,13.0,0.0,0.0,0.5370767116546631
35.0,3.0,596.5,304.5,59.0,47.0,1.0,0.0,0.0,0.5008325576782227
36.0,1.0,157.0,316.5,80.0,39.0,13.0,0.0,0.0,0.4721103608608246
37.0,1.0,157.5,316.5,81.0,39.0,13.0,0.0,0.0,0.697129487991333
37.0,3.0,597.5,304.5,61.0,45.0,1.0,0.0,0.0,0.5861226916313171
37.0,2.0,30.0,323.5,40.0,47.0,13.0,0.0,0.0,0.41029495000839233
38.0,2.0,30.0,323.5,40.0,47.0,13.0,0.0,0.0,0.42220357060432434
38.0,1.0,177.0,317.0,120.0,44.0,13.0,0.0,0.0,0.3590455949306488
38.0,3.0,598.5,306.0,63.0,48.0,1.0,0.0,0.0,0.3231821060180664
39.0,1.0,172.5,315.5,111.0,39.0,13.0,0.0,0.0,0.5465096235275269
39.0,3.0,595.5,305.0,57.0,48.0,1.0,0.0,0.0,0.49598827958106995
39.0,2.0,30.0,329.5,40.0,59.0,13.0,0.0,0.0,0.41501760482788086
40.0,1.0,157.0,317.5,80.0,41.0,13.0,0.0,0.0,0.5368462204933167
40.0,2.0,30.0,325.0,40.0,48.0,13.0,0.0,0.0,0.4465387761592865
40.0,3.0,598.5,305.0,63.0,48.0,1.0,0.0,0.0,0.42806971073150635
41.0,2.0,30.0,324.0,40.0,46.0,13.0,0.0,0.0,0.385963499546051
42.0,3.0,597.5,305.0,61.0,46.0,1.0,0.0,0.0,0.5024478435516357
42.0,1.0,157.0,316.5,80.0,41.0,13.0,0.0,0.0,0.45804375410079956
43.0,2.0,30.0,322.5,40.0,45.0,13.0,0.0,0.0,0.48905500769615173
43.0,1.0,178.5,316.0,123.0,40.0,13.0,0.0,0.0,0.30415570735931396
44.0,1.0,157.0,316.5,80.0,39.0,13.0,0.0,0.0,0.5025529861450195
44.0,2.0,30.0,324.0,40.0,46.0,13.0,0.0,0.0,0.3314146399497986
44.0,3.0,598.5,305.5,63.0,49.0,1.0,0.0,0.0,0.32093310356140137
45.0,1.0,177.0,317.0,120.0,44.0,13.0,0.0,0.0,0.3010057508945465
46.0,2.0,30.5,321.5,39.0,43.0,13.0,0.0,0.0,0.4867706298828125
46.0,1.0,175.5,316.0,117.0,42.0,13.0,0.0,0.0,0.4388936758041382
46.0,1.0,157.5,316.5,81.0,41.0,13.0,0.0,0.0,0.3065943419933319
47.0,1.0,157.0,316.0,80.0,38.0,13.0,0.0,0.0,0.6825220584869385
47.0,2.0,30.0,328.0,40.0,56.0,13.0,0.0,0.0,0.4738861918449402
47.0,3.0,598.0,306.0,62.0,48.0,1.0,0.0,0.0,0.4487970769405365
48.0,2.0,30.0,326.0,40.0,50.0,13.0,0.0,0.0,0.5028347373008728
49.0,1.0,157.0,315.5,80.0,37.0,13.0,0.0,0.0,0.6578016877174377
49.0,2.0,30.0,332.0,40.0,56.0,13.0,0.0,0.0,0.5507453680038452
49.0,3.0,598.0,306.0,62.0,48.0,1.0,0.0,0.0,0.43243831396102905
51.0,2.0,29.5,328.5,39.0,51.0,13.0,0.0,0.0,0.43245306611061096
51.0,1.0,157.0,316.5,80.0,39.0,13.0,0.0,0.0,0.4008297324180603
51.0,3.0,598.0,305.5,62.0,47.0,1.0,0.0,0.0,0.32643958926200867
52.0,2.0,30.0,323.5,40.0,45.0,13.0,0.0,0.0,0.49809694290161133
52.0,3.0,595.5,305.0,57.0,46.0,1.0,0.0,0.0,0.372767835855484
53.0,1.0,161.0,316.0,88.0,38.0,13.0,0.0,0.0,0.453019380569458
55.0,1.0,158.0,317.0,82.0,38.0,13.0,0.0,0.0,0.5419105291366577
55.0,2.0,30.0,331.0,40.0,60.0,13.0,0.0,0.0,0.3655303120613098
56.0,1.0,157.0,316.0,80.0,38.0,13.0,0.0,0.0,0.46733084321022034
56.0,3.0,598.5,306.0,63.0,48.0,1.0,0.0,0.0,0.45733365416526794
56.0,2.0,30.0,329.5,40.0,57.0,13.0,0.0,0.0,0.38846665620803833
57.0,2.0,30.0,332.0,40.0,56.0,13.0,0.0,0.0,0.5305664539337158
57.0,3.0,596.0,304.0,58.0,44.0,1.0,0.0,0.0,0.5252477526664734
57.0,1.0,179.5,315.0,125.0,38.0,13.0,0.0,0.0,0.4357491135597229
58.0,1.0,157.5,315.5,81.0,37.0,13.0,0.0,0.0,0.5843202471733093
58.0,3.0,595.5,305.0,57.0,46.0,1.0,0.0,0.0,0.40193286538124084
58.0,2.0,30.0,324.5,40.0,49.0,13.0,0.0,0.0,0.3200506269931793
59.0,3.0,596.5,306.0,59.0,46.0,1.0,0.0,0.0,0.390227347612381
59.0,1.0,157.5,316.0,81.0,38.0,13.0,0.0,0.0,0.36616620421409607
60.0,3.0,595.0,305.0,56.0,46.0,1.0,0.0,0.0,0.5143553018569946
60.0,1.0,157.5,320.5,81.0,47.0,13.0,0.0,0.0,0.44835829734802246
61.0,2.0,30.0,328.0,40.0,52.0,13.0,0.0,0.0,0.6184447407722473
61.0,3.0,595.0,304.5,56.0,45.0,1.0,0.0,0.0,0.5170019865036011
61.0,1.0,157.0,316.5,80.0,39.0,13.0,0.0,0.0,0.4081583321094513
62.0,1.0,157.0,317.5,80.0,39.0,13.0,0.0,0.0,0.4795134365558624
62.0,3.0,596.0,304.5,60.0,45.0,1.0,0.0,0.0,0.4212537109851837
62.0,2.0,30.0,323.5,40.0,45.0,13.0,0.0,0.0,0.34848445653915405
63.0,2.0,30.0,330.5,40.0,59.0,13.0,0.0,0.0,0.4823434054851532
63.0,5.0,299.5,249.0,199.0,112.0,5.0,0.0,0.0,0.3065319061279297
64.0,1.0,157.0,316.0,80.0,38.0,13.0,0.0,0.0,0.5171974897384644
64.0,2.0,30.0,329.0,40.0,56.0,13.0,0.0,0.0,0.5000567436218262
65.0,2.0,30.0,323.5,40.0,47.0,13.0,0.0,0.0,0.3128068745136261
66.0,3.0,595.5,305.0,57.0,46.0,1.0,0.0,0.0,0.496479332447052
66.0,1.0,157.0,315.5,80.0,35.0,13.0,0.0,0.0,0.3994279205799103
66.0,2.0,30.0,328.0,40.0,54.0,13.0,0.0,0.0,0.3787323534488678
67.0,1.0,157.0,315.5,80.0,35.0,13.0,0.0,0.0,0.715124249458313
67.0,3.0,596.0,305.0,58.0,46.0,1.0,0.0,0.0,0.6536704897880554
68.0,1.0,157.5,317.0,81.0,38.0,13.0,0.0,0.0,0.6943640112876892
68.0,3.0,596.5,306.0,59.0,46.0,1.0,0.0,0.0,0.535175085067749
68.0,4.0,356.5,284.5,49.0,43.0,1.0,0.0,0.0,0.33527135848999023
69.0,1.0,157.0,316.5,80.0,39.0,13.0,0.0,0.0,0.6493961811065674
69.0,3.0,596.5,305.0,59.0,46.0,1.0,0.0,0.0,0.38440990447998047
70.0,3.0,597.5,306.0,61.0,46.0,1.0,0.0,0.0,0.4628075957298279
70.0,2.0,30.5,324.0,39.0,46.0,13.0,0.0,0.0,0.40553680062294006
71.0,1.0,157.0,316.0,78.0,38.0,13.0,0.0,0.0,0.5611708760261536
71.0,2.0,29.5,324.0,39.0,44.0,13.0,0.0,0.0,0.4323365092277527
71.0,3.0,596.5,304.5,59.0,45.0,1.0,0.0,0.0,0.3370479643344879
72.0,2.0,30.0,324.0,40.0,46.0,13.0,0.0,0.0,0.5077506303787231
72.0,1.0,157.0,315.5,80.0,37.0,13.0,0.0,0.0,0.31922560930252075
73.0,2.0,30.0,329.5,40.0,53.0,13.0,0.0,0.0,0.4798697531223297
73.0,1.0,175.0,316.5,116.0,39.0,13.0,0.0,0.0,0.453020304441452
73.0,3.0,596.0,305.0,58.0,46.0,1.0,0.0,0.0,0.3898034989833832
74.0,3.0,595.5,305.0,57.0,44.0,1.0,0.0,0.0,0.3837290108203888
74.0,2.0,30.0,325.0,40.0,48.0,13.0,0.0,0.0,0.3564022183418274
75.0,1.0,157.0,318.5,80.0,41.0,13.0,0.0,0.0,0.707062840461731
75.0,2.0,30.0,324.5,40.0,47.0,13.0,0.0,0.0,0.48525571823120117
75.0,3.0,595.5,305.5,57.0,45.0,1.0,0.0,0.0,0.36433419585227966
76.0,3.0,596.0,305.5,58.0,45.0,1.0,0.0,0.0,0.49942708015441895
76.0,2.0,30.0,327.0,40.0,48.0,13.0,0.0,0.0,0.3418693542480469
77.0,2.0,30.0,329.0,40.0,56.0,13.0,0.0,0.0,0.6113502383232117
77.0,3.0,595.5,305.5,57.0,45.0,1.0,0.0,0.0,0.535840630531311
77.0,1.0,157.0,315.5,80.0,37.0,13.0,0.0,0.0,0.508918285369873
78.0,2.0,30.0,326.0,40.0,48.0,13.0,0.0,0.0,0.3310730457305908
79.0,2.0,30.0,330.5,40.0,59.0,13.0,0.0,0.0,0.6669384241104126
79.0,1.0,157.0,317.5,80.0,41.0,13.0,0.0,0.0,0.5238233208656311
79.0,3.0,595.5,305.0,57.0,46.0,1.0,0.0,0.0,0.3455502986907959
80.0,1.0,157.5,316.0,79.0,38.0,13.0,0.0,0.0,0.44771450757980347
80.0,2.0,30.0,327.0,40.0,52.0,13.0,0.0,0.0,0.30771446228027344
81.0,1.0,174.0,316.0,114.0,38.0,13.0,0.0,0.0,0.5512788891792297
81.0,2.0,29.5,327.5,39.0,51.0,13.0,0.0,0.0,0.5328149795532227
81.0,3.0,597.5,305.0,61.0,46.0,1.0,0.0,0.0,0.45404210686683655
81.0,1.0,156.5,316.5,79.0,37.0,13.0,0.0,0.0,0.30181261897087097
82.0,1.0,157.0,316.5,80.0,39.0,13.0,0.0,0.0,0.6488612294197083
82.0,2.0,30.0,324.5,40.0,47.0,13.0,0.0,0.0,0.6429482102394104
82.0,3.0,597.5,306.5,61.0,47.0,1.0,0.0,0.0,0.5185897350311279
83.0,1.0,157.5,316.5,79.0,39.0,13.0,0.0,0.0,0.6984875798225403
83.0,2.0,30.0,323.0,40.0,44.0,13.0,0.0,0.0,0.47461023926734924
83.0,3.0,597.5,304.5,61.0,45.0,1.0,0.0,0.0,0.3986773192882538
83.0,6.0,537.0,391.5,188.0,147.0,2.0,0.0,0.0,0.34234046936035156
84.0,1.0,157.5,316.5,81.0,39.0,13.0,0.0,0.0,0.46232178807258606
84.0,3.0,596.0,306.0,58.0,46.0,1.0,0.0,0.0,0.3431878089904785
84.0,2.0,29.5,327.0,39.0,50.0,13.0,0.0,0.0,0.3380717933177948
85.0,3.0,597.5,305.5,61.0,47.0,1.0,0.0,0.0,0.5237217545509338
85.0,2.0,29.5,323.0,39.0,46.0,13.0,0.0,0.0,0.40432342886924744
86.0,1.0,176.5,315.5,119.0,39.0,13.0,0.0,0.0,0.3115033507347107
86.0,1.0,157.5,316.0,81.0,38.0,13.0,0.0,0.0,0.3102860450744629
87.0,2.0,30.0,323.5,40.0,45.0,13.0,0.0,0.0,0.5342689156532288
88.0,1.0,177.0,317.5,120.0,43.0,13.0,0.0,0.0,0.5039262175559998
88.0,3.0,597.0,305.5,60.0,45.0,1.0,0.0,0.0,0.485634982585907
88.0,2.0,29.5,325.0,39.0,46.0,13.0,0.0,0.0,0.3945774734020233
89.0,1.0,155.5,317.0,75.0,38.0,13.0,0.0,0.0,0.31976616382598877
90.0,3.0,597.0,305.5,60.0,45.0,1.0,0.0,0.0,0.4937916696071625
90.0,2.0,30.0,324.0,40.0,48.0,13.0,0.0,0.0,0.32711198925971985
91.0,1.0,157.5,316.5,81.0,35.0,13.0,0.0,0.0,0.5589807033538818
91.0,3.0,597.5,306.5,61.0,47.0,1.0,0.0,0.0,0.5253797173500061
91.0,2.0,29.5,325.0,39.0,46.0,13.0,0.0,0.0,0.41552799940109253
92.0,1.0,157.0,316.5,80.0,37.0,13.0,0.0,0.0,0.6928772330284119
92.0,3.0,596.0,306.0,58.0,46.0,1.0,0.0,0.0,0.4839096665382385
93.0,1.0,156.5,316.5,79.0,39.0,13.0,0.0,0.0,0.6789028644561768
93.0,3.0,596.5,306.0,63.0,46.0,1.0,0.0,0.0,0.40442728996276855
94.0,1.0,177.0,316.5,122.0,39.0,13.0,0.0,0.0,0.48343998193740845
94.0,1.0,156.5,316.5,81.0,39.0,13.0,0.0,0.0,0.3048494756221771
95.0,2.0,30.0,329.0,40.0,56.0,13.0,0.0,0.0,0.47420409321784973
95.0,1.0,157.5,316.5,81.0,39.0,13.0,0.0,0.0,0.4533398449420929
95.0,3.0,595.0,305.5,58.0,45.0,1.0,0.0,0.0,0.4524286389350891
96.0,1.0,175.5,317.0,119.0,40.0,13.0,0.0,0.0,0.41712212562561035
97.0,1.0,175.0,317.0,118.0,40.0,13.0,0.0,0.0,0.4311926066875458
97.0,2.0,29.5,325.0,39.0,48.0,13.0,0.0,0.0,0.42160436511039734
97.0,3.0,596.5,307.0,61.0,48.0,1.0,0.0,0.0,0.33752888441085815
98.0,3.0,595.0,305.0,60.0,48.0,1.0,0.0,0.0,0.40223801136016846
99.0,1.0,174.5,315.5,117.0,39.0,13.0,0.0,0.0,0.4405127167701721
99.0,2.0,29.0,322.0,38.0,44.0,13.0,0.0,0.0,0.3628360331058502
100.0,3.0,596.5,306.0,63.0,48.0,1.0,0.0,0.0,0.6221941113471985
100.0,2.0,29.0,330.5,38.0,59.0,13.0,0.0,0.0,0.4379575252532959
100.0,1.0,156.5,316.5,81.0,39.0,13.0,0.0,0.0,0.34510675072669983
101.0,1.0,156.0,317.0,80.0,40.0,13.0,0.0,0.0,0.6488964557647705
101.0,3.0,595.5,305.0,59.0,46.0,1.0,0.0,0.0,0.50291508436203
101.0,2.0,29.5,322.5,37.0,45.0,13.0,0.0,0.0,0.38402947783470154
102.0,3.0,597.5,305.0,63.0,48.0,1.0,0.0,0.0,0.6399465799331665
102.0,1.0,156.0,317.0,80.0,40.0,13.0,0.0,0.0,0.49628958106040955
103.0,1.0,157.0,316.5,80.0,39.0,13.0,0.0,0.0,0.49193814396858215
103.0,3.0,597.0,304.5,62.0,47.0,1.0,0.0,0.0,0.40954360365867615
104.0,2.0,29.5,326.0,39.0,48.0,13.0,0.0,0.0,0.5546461939811707
104.0,1.0,157.0,317.0,80.0,40.0,13.0,0.0,0.0,0.49191898107528687
104.0,3.0,595.0,303.5,56.0,49.0,1.0,0.0,0.0,0.3213185667991638
105.0,2.0,29.0,328.0,38.0,50.0,13.0,0.0,0.0,0.3543815612792969
105.0,1.0,173.0,319.0,114.0,42.0,13.0,0.0,0.0,0.3375084102153778
105.0,3.0,597.5,308.5,65.0,49.0,1.0,0.0,0.0,0.33076754212379456
106.0,3.0,595.5,308.5,65.0,49.0,1.0,0.0,0.0,0.4183610677719116
106.0,2.0,29.0,328.0,36.0,50.0,13.0,0.0,0.0,0.39288172125816345
107.0,2.0,27.0,325.5,34.0,43.0,13.0,0.0,0.0,0.34687328338623047
107.0,1.0,152.5,319.5,81.0,39.0,13.0,0.0,0.0,0.3107037842273712
108.0,1.0,154.5,318.5,83.0,37.0,13.0,0.0,0.0,0.6763744354248047
109.0,2.0,28.0,331.0,36.0,54.0,13.0,0.0,0.0,0.40789273381233215
109.0,4.0,341.0,290.5,66.0,39.0,1.0,0.0,0.0,0.33862626552581787
110.0,1.0,153.5,317.5,81.0,41.0,13.0,0.0,0.0,0.6576384902000427
110.0,3.0,594.5,306.0,63.0,48.0,1.0,0.0,0.0,0.4525706470012665
111.0,3.0,595.0,307.5,66.0,47.0,1.0,0.0,0.0,0.47458645701408386
111.0,2.0,27.5,324.5,33.0,43.0,13.0,0.0,0.0,0.3263733386993408
112.0,1.0,151.0,317.5,80.0,37.0,13.0,0.0,0.0,0.4365382492542267
112.0,2.0,27.0,327.0,32.0,50.0,13.0,0.0,0.0,0.31462362408638
113.0,2.0,26.0,325.0,32.0,44.0,13.0,0.0,0.0,0.397021621465683
114.0,2.0,26.0,324.5,32.0,45.0,13.0,0.0,0.0,0.5156735181808472
114.0,3.0,592.0,307.0,64.0,46.0,1.0,0.0,0.0,0.3814425468444824
114.0,1.0,167.0,316.5,116.0,39.0,13.0,0.0,0.0,0.3698912262916565
115.0,2.0,25.5,325.5,31.0,49.0,13.0,0.0,0.0,0.545426607131958
115.0,3.0,591.0,308.0,64.0,46.0,1.0,0.0,0.0,0.38755449652671814
115.0,1.0,147.0,318.0,84.0,38.0,13.0,0.0,0.0,0.3592565655708313
117.0,3.0,589.0,307.5,62.0,45.0,1.0,0.0,0.0,0.5390446186065674
117.0,1.0,146.5,316.0,81.0,38.0,13.0,0.0,0.0,0.4286016523838043
118.0,3.0,589.0,307.5,66.0,47.0,1.0,0.0,0.0,0.5153438448905945
118.0,1.0,145.5,317.5,83.0,41.0,13.0,0.0,0.0,0.5031844973564148
119.0,3.0,588.5,308.0,65.0,46.0,1.0,0.0,0.0,0.4208196997642517
119.0,1.0,164.5,317.0,119.0,40.0,13.0,0.0,0.0,0.353061705827713
120.0,1.0,144.0,317.0,82.0,38.0,13.0,0.0,0.0,0.4370863139629364
120.0,3.0,604.5,298.5,53.0,71.0,1.0,0.0,0.0,0.32907289266586304
121.0,1.0,142.0,317.0,80.0,38.0,13.0,0.0,0.0,0.4716032147407532
121.0,3.0,586.0,308.0,64.0,46.0,1.0,0.0,0.0,0.3811286687850952
122.0,3.0,579.5,308.0,55.0,46.0,1.0,0.0,0.0,0.3505208194255829
122.0,1.0,139.5,316.5,79.0,39.0,13.0,0.0,0.0,0.3366836607456207
123.0,1.0,141.0,317.5,82.0,39.0,13.0,0.0,0.0,0.6315537095069885
124.0,3.0,602.0,298.0,58.0,68.0,1.0,0.0,0.0,0.619452178478241
124.0,1.0,139.5,316.0,81.0,38.0,13.0,0.0,0.0,0.312770813703537
124.0,3.0,576.0,307.5,50.0,45.0,1.0,0.0,0.0,0.3121940791606903
125.0,1.0,137.0,317.0,80.0,42.0,13.0,0.0,0.0,0.6143090128898621
125.0,3.0,581.0,307.0,62.0,46.0,1.0,0.0,0.0,0.3272557854652405
126.0,3.0,588.5,295.5,83.0,71.0,1.0,0.0,0.0,0.46113601326942444
126.0,1.0,136.0,316.5,82.0,41.0,13.0,0.0,0.0,0.41622278094291687
126.0,5.0,277.0,247.5,216.0,115.0,5.0,0.0,0.0,0.36216825246810913
127.0,1.0,147.5,316.5,113.0,41.0,13.0,0.0,0.0,0.3993595540523529
128.0,3.0,596.5,296.0,69.0,70.0,1.0,0.0,0.0,0.3886026442050934
129.0,1.0,126.0,315.5,80.0,39.0,13.0,0.0,0.0,0.6111693978309631
130.0,3.0,583.0,293.0,94.0,76.0,1.0,0.0,0.0,0.5784435272216797
130.0,1.0,123.0,314.0,80.0,36.0,13.0,0.0,0.0,0.3988286554813385
131.0,1.0,140.5,312.5,117.0,37.0,13.0,0.0,0.0,0.42267128825187683
131.0,3.0,582.5,293.5,95.0,79.0,1.0,0.0,0.0,0.4003522992134094
132.0,1.0,120.5,313.5,81.0,37.0,13.0,0.0,0.0,0.6315851807594299
132.0,4.0,312.5,287.5,61.0,41.0,1.0,0.0,0.0,0.35675933957099915
133.0,1.0,117.0,312.5,80.0,37.0,13.0,0.0,0.0,0.4781780540943146
133.0,3.0,580.0,292.5,100.0,79.0,1.0,0.0,0.0,0.4687526524066925
134.0,3.0,589.5,294.0,81.0,78.0,1.0,0.0,0.0,0.3907116949558258
134.0,3.0,556.5,308.0,59.0,46.0,1.0,0.0,0.0,0.32056763768196106
135.0,1.0,111.5,312.5,81.0,37.0,13.0,0.0,0.0,0.48846614360809326
135.0,3.0,577.5,293.0,105.0,80.0,1.0,0.0,0.0,0.3848656117916107
135.0,7.0,314.5,265.5,25.0,59.0,0.0,0.0,0.0,0.3418762981891632
135.0,4.0,311.5,285.5,45.0,43.0,1.0,0.0,0.0,0.30381327867507935
136.0,1.0,103.0,311.5,82.0,37.0,13.0,0.0,0.0,0.5852972269058228
136.0,3.0,573.0,287.0,114.0,86.0,1.0,0.0,0.0,0.44324690103530884
136.0,8.0,448.0,204.5,218.0,183.0,5.0,0.0,0.0,0.3687503933906555
137.0,3.0,571.5,285.0,115.0,88.0,1.0,0.0,0.0,0.3647801876068115
138.0,1.0,114.5,314.5,117.0,45.0,13.0,0.0,0.0,0.4992523193359375
138.0,3.0,569.5,284.5,117.0,87.0,1.0,0.0,0.0,0.3467840552330017
139.0,3.0,575.5,289.5,91.0,81.0,1.0,0.0,0.0,0.4122833013534546
139.0,8.0,370.5,205.5,355.0,193.0,5.0,0.0,0.0,0.3179897964000702
140.0,3.0,564.0,285.0,124.0,88.0,1.0,0.0,0.0,0.45237672328948975
141.0,1.0,84.5,313.0,81.0,38.0,13.0,0.0,0.0,0.5371841192245483
141.0,3.0,562.0,288.0,122.0,88.0,1.0,0.0,0.0,0.38972729444503784
142.0,1.0,85.0,313.5,80.0,39.0,13.0,0.0,0.0,0.4715944528579712
145.0,1.0,71.0,314.0,80.0,42.0,13.0,0.0,0.0,0.35319286584854126
145.0,5.0,214.5,244.5,215.0,125.0,5.0,0.0,0.0,0.33295294642448425
146.0,1.0,68.5,314.0,81.0,42.0,13.0,0.0,0.0,0.5112857222557068
146.0,3.0,512.0,305.0,56.0,46.0,1.0,0.0,0.0,0.43696266412734985
148.0,1.0,61.0,313.5,82.0,37.0,13.0,0.0,0.0,0.37171709537506104
149.0,9.0,582.5,271.5,97.0,57.0,2.0,0.0,0.0,0.32651379704475403
150.0,3.0,536.0,299.0,96.0,70.0,1.0,0.0,0.0,0.33351466059684753
151.0,9.0,577.0,270.0,106.0,56.0,2.0,0.0,0.0,0.49857380986213684
152.0,9.0,577.0,281.0,108.0,80.0,2.0,0.0,0.0,0.3501170873641968
153.0,9.0,576.0,270.5,108.0,61.0,2.0,0.0,0.0,0.4028295576572418
155.0,9.0,575.0,269.5,110.0,57.0,2.0,0.0,0.0,0.5048492550849915
155.0,3.0,527.0,297.5,98.0,69.0,1.0,0.0,0.0,0.3973388075828552
156.0,9.0,570.0,271.5,120.0,57.0,2.0,0.0,0.0,0.4417257010936737
157.0,9.0,568.5,272.0,123.0,58.0,2.0,0.0,0.0,0.6752172708511353
158.0,9.0,567.0,271.5,126.0,59.0,2.0,0.0,0.0,0.6153790950775146
159.0,10.0,345.0,182.0,572.0,246.0,6.0,0.0,0.0,0.4280727505683899
159.0,9.0,566.0,270.5,128.0,59.0,2.0,0.0,0.0,0.3563276529312134
160.0,9.0,566.5,269.0,127.0,58.0,2.0,0.0,0.0,0.7515692710876465
161.0,9.0,567.0,269.0,126.0,60.0,2.0,0.0,0.0,0.6267505884170532
162.0,9.0,567.0,269.0,126.0,58.0,2.0,0.0,0.0,0.35572463274002075
163.0,3.0,509.0,297.5,98.0,71.0,1.0,0.0,0.0,0.6146284937858582
163.0,9.0,565.5,271.0,129.0,60.0,2.0,0.0,0.0,0.4779220223426819
164.0,3.0,507.0,296.5,96.0,71.0,1.0,0.0,0.0,0.6981940269470215
164.0,9.0,565.5,273.5,129.0,61.0,2.0,0.0,0.0,0.5450853705406189
165.0,9.0,562.5,271.5,135.0,57.0,2.0,0.0,0.0,0.7340056300163269
166.0,9.0,564.5,269.0,131.0,56.0,2.0,0.0,0.0,0.7096189260482788
168.0,9.0,564.0,268.0,132.0,58.0,2.0,0.0,0.0,0.7600497007369995
169.0,9.0,564.5,276.5,131.0,75.0,2.0,0.0,0.0,0.6607389450073242
169.0,3.0,502.5,292.5,91.0,71.0,1.0,0.0,0.0,0.5341825485229492
171.0,9.0,561.0,270.5,136.0,57.0,2.0,0.0,0.0,0.354002445936203
172.0,9.0,561.5,273.5,137.0,61.0,2.0,0.0,0.0,0.6230593323707581
172.0,3.0,504.0,305.5,96.0,57.0,1.0,0.0,0.0,0.49741077423095703
173.0,9.0,561.0,272.5,138.0,57.0,2.0,0.0,0.0,0.5463396310806274
173.0,4.0,212.5,283.0,49.0,50.0,1.0,0.0,0.0,0.34749385714530945
173.0,3.0,501.0,304.0,98.0,56.0,1.0,0.0,0.0,0.3370959162712097
174.0,9.0,560.0,273.5,138.0,59.0,2.0,0.0,0.0,0.6205503940582275
175.0,9.0,560.0,273.5,138.0,59.0,2.0,0.0,0.0,0.48115524649620056
176.0,9.0,558.5,272.5,141.0,57.0,2.0,0.0,0.0,0.5740660429000854
178.0,9.0,557.0,273.0,144.0,62.0,2.0,0.0,0.0,0.3039831519126892
179.0,9.0,557.0,270.5,144.0,59.0,2.0,0.0,0.0,0.7715128064155579
179.0,3.0,494.0,302.0,96.0,58.0,1.0,0.0,0.0,0.4944016635417938
180.0,9.0,556.0,279.5,148.0,75.0,2.0,0.0,0.0,0.46123290061950684
181.0,9.0,553.0,270.0,148.0,58.0,2.0,0.0,0.0,0.7518013715744019
181.0,3.0,489.0,295.0,100.0,72.0,1.0,0.0,0.0,0.38525673747062683
182.0,9.0,552.5,269.5,151.0,61.0,2.0,0.0,0.0,0.6499608159065247
183.0,9.0,552.0,269.0,152.0,58.0,2.0,0.0,0.0,0.7547546029090881
184.0,9.0,551.0,269.0,156.0,58.0,2.0,0.0,0.0,0.7246073484420776
184.0,3.0,471.0,294.0,118.0,70.0,1.0,0.0,0.0,0.3201184868812561
185.0,9.0,547.0,270.0,160.0,60.0,2.0,0.0,0.0,0.6537277102470398
185.0,10.0,331.5,180.5,597.0,261.0,6.0,0.0,0.0,0.3250780701637268
186.0,9.0,548.0,270.0,162.0,60.0,2.0,0.0,0.0,0.6947429180145264
186.0,3.0,475.5,301.5,95.0,59.0,1.0,0.0,0.0,0.5904844999313354
187.0,9.0,544.5,269.5,163.0,59.0,2.0,0.0,0.0,0.7476986646652222
188.0,9.0,545.0,269.0,164.0,58.0,2.0,0.0,0.0,0.5947388410568237
188.0,3.0,470.0,297.5,96.0,71.0,1.0,0.0,0.0,0.5323306322097778
189.0,9.0,543.5,273.0,171.0,62.0,2.0,0.0,0.0,0.752541184425354
189.0,3.0,458.5,302.5,119.0,59.0,1.0,0.0,0.0,0.3512552082538605
190.0,9.0,542.0,281.5,176.0,79.0,2.0,0.0,0.0,0.5792883634567261
191.0,9.0,541.0,281.0,176.0,78.0,2.0,0.0,0.0,0.4132012724876404
192.0,9.0,539.0,272.0,176.0,58.0,2.0,0.0,0.0,0.7008400559425354
193.0,9.0,542.0,279.0,176.0,76.0,2.0,0.0,0.0,0.6052725911140442
193.0,3.0,460.5,298.0,95.0,70.0,1.0,0.0,0.0,0.5578693151473999
194.0,9.0,537.5,270.0,173.0,60.0,2.0,0.0,0.0,0.6084768772125244
194.0,3.0,461.0,300.0,98.0,60.0,1.0,0.0,0.0,0.5062136054039001
195.0,3.0,462.0,300.5,98.0,59.0,1.0,0.0,0.0,0.4394456446170807
195.0,9.0,539.5,280.5,179.0,81.0,2.0,0.0,0.0,0.37870991230010986
195.0,9.0,530.0,270.0,158.0,60.0,2.0,0.0,0.0,0.30143553018569946
196.0,9.0,522.5,283.0,215.0,86.0,2.0,0.0,0.0,0.4570974111557007
197.0,3.0,457.5,303.0,99.0,56.0,1.0,0.0,0.0,0.48304373025894165
197.0,9.0,538.0,280.0,180.0,80.0,2.0,0.0,0.0,0.4027765691280365
197.0,3.0,410.5,305.0,51.0,46.0,1.0,0.0,0.0,0.30623582005500793
198.0,9.0,537.5,278.0,183.0,74.0,2.0,0.0,0.0,0.7573824524879456
199.0,9.0,536.0,281.0,184.0,80.0,2.0,0.0,0.0,0.7095730304718018
200.0,9.0,537.0,280.5,174.0,77.0,2.0,0.0,0.0,0.6151188015937805
200.0,10.0,230.5,208.0,381.0,200.0,6.0,0.0,0.0,0.43193843960762024
201.0,9.0,534.0,282.0,188.0,80.0,2.0,0.0,0.0,0.5655120015144348
202.0,9.0,533.0,281.0,186.0,78.0,2.0,0.0,0.0,0.8642424941062927
203.0,9.0,533.5,280.0,183.0,78.0,2.0,0.0,0.0,0.7872856855392456
203.0,3.0,441.5,305.5,119.0,53.0,1.0,0.0,0.0,0.33696678280830383
204.0,9.0,535.0,280.0,186.0,76.0,2.0,0.0,0.0,0.7917484641075134
204.0,4.0,262.5,303.0,47.0,34.0,1.0,0.0,0.0,0.3234518766403198
205.0,9.0,533.5,272.5,183.0,59.0,2.0,0.0,0.0,0.7585598826408386
205.0,10.0,222.0,207.0,396.0,194.0,6.0,0.0,0.0,0.42215052247047424
206.0,9.0,533.0,273.5,180.0,61.0,2.0,0.0,0.0,0.6427332162857056
207.0,9.0,533.0,279.0,184.0,70.0,2.0,0.0,0.0,0.8412808179855347
208.0,9.0,532.5,282.5,187.0,79.0,2.0,0.0,0.0,0.8719155788421631
209.0,9.0,532.0,283.0,182.0,78.0,2.0,0.0,0.0,0.8445079326629639
209.0,4.0,153.0,289.0,60.0,42.0,1.0,0.0,0.0,0.39581841230392456
209.0,10.0,310.0,173.0,602.0,284.0,6.0,0.0,0.0,0.3300457298755646
210.0,9.0,528.0,275.0,178.0,62.0,2.0,0.0,0.0,0.5178878307342529
211.0,9.0,535.5,282.5,187.0,77.0,2.0,0.0,0.0,0.8909069895744324
211.0,3.0,445.5,299.0,91.0,68.0,1.0,0.0,0.0,0.49689868092536926
212.0,9.0,532.5,273.5,183.0,61.0,2.0,0.0,0.0,0.6977585554122925
213.0,9.0,533.0,273.0,184.0,60.0,2.0,0.0,0.0,0.7635124921798706
214.0,9.0,534.5,280.5,185.0,77.0,2.0,0.0,0.0,0.7371199131011963
214.0,3.0,450.0,303.5,96.0,57.0,1.0,0.0,0.0,0.32713255286216736
215.0,9.0,534.5,271.5,183.0,59.0,2.0,0.0,0.0,0.7657113671302795
215.0,3.0,451.5,299.0,97.0,66.0,1.0,0.0,0.0,0.662285566329956
216.0,9.0,516.0,271.5,148.0,59.0,2.0,0.0,0.0,0.5996119976043701
217.0,9.0,533.5,271.5,185.0,61.0,2.0,0.0,0.0,0.7526647448539734
218.0,9.0,534.0,277.0,186.0,72.0,2.0,0.0,0.0,0.691545307636261
219.0,9.0,534.5,270.5,183.0,59.0,2.0,0.0,0.0,0.8104046583175659
220.0,9.0,532.5,275.0,185.0,68.0,2.0,0.0,0.0,0.5063959360122681
221.0,9.0,524.5,269.5,169.0,59.0,2.0,0.0,0.0,0.7401472330093384
221.0,4.0,152.0,290.5,58.0,33.0,1.0,0.0,0.0,0.4997518062591553
222.0,9.0,536.0,277.0,186.0,74.0,2.0,0.0,0.0,0.6990126967430115
222.0,3.0,451.5,296.5,97.0,71.0,1.0,0.0,0.0,0.66344153881073
223.0,9.0,505.0,286.0,246.0,92.0,2.0,0.0,0.0,0.5872301459312439
223.0,9.0,533.5,280.0,191.0,78.0,2.0,0.0,0.0,0.39088037610054016
224.0,3.0,454.0,299.0,96.0,72.0,1.0,0.0,0.0,0.7529382109642029
224.0,9.0,529.0,271.5,160.0,59.0,2.0,0.0,0.0,0.7108443379402161
225.0,9.0,537.5,282.5,185.0,79.0,2.0,0.0,0.0,0.8475813865661621
225.0,3.0,454.5,301.5,93.0,65.0,1.0,0.0,0.0,0.3767261505126953
226.0,3.0,456.5,300.0,99.0,74.0,1.0,0.0,0.0,0.7819862365722656
226.0,9.0,532.0,273.0,166.0,60.0,2.0,0.0,0.0,0.6705918908119202
228.0,9.0,539.0,280.5,180.0,75.0,2.0,0.0,0.0,0.71163409948349
228.0,3.0,457.5,300.5,97.0,71.0,1.0,0.0,0.0,0.6073950529098511
229.0,9.0,534.5,272.0,173.0,58.0,2.0,0.0,0.0,0.3579706847667694
230.0,9.0,538.5,273.0,179.0,60.0,2.0,0.0,0.0,0.6258638501167297
231.0,9.0,537.0,272.5,178.0,61.0,2.0,0.0,0.0,0.6476620435714722
231.0,3.0,457.5,299.5,99.0,71.0,1.0,0.0,0.0,0.42586055397987366
232.0,3.0,459.0,302.5,96.0,65.0,1.0,0.0,0.0,0.4114953577518463
233.0,9.0,540.0,272.5,178.0,59.0,2.0,0.0,0.0,0.6931093335151672
233.0,10.0,317.5,174.0,603.0,276.0,6.0,0.0,0.0,0.3009497821331024
234.0,9.0,540.5,272.5,177.0,59.0,2.0,0.0,0.0,0.6877186894416809
235.0,3.0,463.5,299.5,99.0,71.0,1.0,0.0,0.0,0.632572591304779
235.0,9.0,541.5,273.0,175.0,62.0,2.0,0.0,0.0,0.609612226486206
235.0,3.0,415.5,306.0,49.0,46.0,1.0,0.0,0.0,0.33794736862182617
236.0,9.0,529.0,272.0,152.0,62.0,2.0,0.0,0.0,0.5178918242454529
237.0,9.0,541.5,282.0,177.0,80.0,2.0,0.0,0.0,0.5866514444351196
237.0,3.0,464.0,301.5,98.0,69.0,1.0,0.0,0.0,0.5027584433555603
237.0,4.0,165.5,286.5,63.0,43.0,1.0,0.0,0.0,0.4032188951969147
238.0,9.0,541.0,279.5,176.0,75.0,2.0,0.0,0.0,0.6805948615074158
239.0,9.0,539.5,272.0,171.0,60.0,2.0,0.0,0.0,0.6486158967018127
240.0,9.0,542.0,280.5,176.0,79.0,2.0,0.0,0.0,0.7729473114013672
240.0,10.0,235.0,177.5,396.0,255.0,6.0,0.0,0.0,0.38660645484924316
241.0,9.0,543.5,282.5,171.0,81.0,2.0,0.0,0.0,0.5281170606613159
241.0,3.0,456.0,303.5,118.0,65.0,1.0,0.0,0.0,0.3149743378162384
242.0,9.0,542.0,273.0,168.0,58.0,2.0,0.0,0.0,0.7345569729804993
243.0,9.0,541.5,274.5,167.0,59.0,2.0,0.0,0.0,0.7996214628219604
243.0,3.0,468.5,304.5,99.0,65.0,1.0,0.0,0.0,0.45508697628974915
244.0,3.0,468.0,309.0,96.0,60.0,1.0,0.0,0.0,0.6070311069488525
244.0,9.0,541.0,274.5,164.0,59.0,2.0,0.0,0.0,0.5252572894096375
244.0,9.0,543.0,287.0,170.0,84.0,2.0,0.0,0.0,0.33672094345092773
244.0,3.0,421.5,310.5,51.0,45.0,1.0,0.0,0.0,0.33595818281173706
245.0,9.0,544.0,275.5,166.0,59.0,2.0,0.0,0.0,0.6410874128341675
246.0,9.0,544.5,276.0,161.0,60.0,2.0,0.0,0.0,0.7030973434448242
247.0,9.0,528.0,290.0,202.0,90.0,2.0,0.0,0.0,0.3911410868167877
247.0,9.0,547.5,284.0,163.0,78.0,2.0,0.0,0.0,0.3896644711494446
248.0,9.0,548.0,273.5,162.0,59.0,2.0,0.0,0.0,0.7596282362937927
248.0,4.0,175.5,290.0,61.0,44.0,1.0,0.0,0.0,0.3368617594242096
249.0,9.0,548.5,274.0,161.0,58.0,2.0,0.0,0.0,0.696136474609375
250.0,9.0,549.0,274.5,158.0,61.0,2.0,0.0,0.0,0.3241785764694214
251.0,9.0,547.5,274.0,157.0,60.0,2.0,0.0,0.0,0.6562749743461609
252.0,9.0,551.5,273.0,157.0,62.0,2.0,0.0,0.0,0.7264013886451721
253.0,9.0,552.0,270.0,154.0,58.0,2.0,0.0,0.0,0.7609776258468628
254.0,9.0,554.0,271.0,150.0,62.0,2.0,0.0,0.0,0.3656575381755829
255.0,9.0,555.0,273.0,148.0,64.0,2.0,0.0,0.0,0.5868493914604187
256.0,9.0,556.5,273.5,147.0,61.0,2.0,0.0,0.0,0.46054762601852417
257.0,9.0,557.0,274.0,146.0,60.0,2.0,0.0,0.0,0.5609889030456543
257.0,3.0,491.5,301.5,95.0,71.0,1.0,0.0,0.0,0.32685786485671997
258.0,10.0,324.5,182.0,611.0,260.0,6.0,0.0,0.0,0.5597695112228394
258.0,9.0,556.0,270.5,146.0,53.0,2.0,0.0,0.0,0.32402920722961426
259.0,9.0,559.5,272.5,141.0,59.0,2.0,0.0,0.0,0.8032249212265015
259.0,11.0,47.5,286.0,69.0,118.0,2.0,0.0,0.0,0.3450736105442047
260.0,9.0,560.0,272.5,138.0,59.0,2.0,0.0,0.0,0.58903968334198
261.0,9.0,561.5,273.5,137.0,61.0,2.0,0.0,0.0,0.8058212995529175
261.0,3.0,492.5,303.5,123.0,65.0,1.0,0.0,0.0,0.30847781896591187
262.0,9.0,563.0,271.5,134.0,57.0,2.0,0.0,0.0,0.6628373861312866
263.0,9.0,563.0,272.5,134.0,59.0,2.0,0.0,0.0,0.5419593453407288
264.0,9.0,565.0,279.0,130.0,74.0,2.0,0.0,0.0,0.45714613795280457
265.0,9.0,568.5,270.0,123.0,58.0,2.0,0.0,0.0,0.5340031385421753
265.0,3.0,514.5,304.0,99.0,58.0,1.0,0.0,0.0,0.4785621762275696
266.0,9.0,568.5,270.0,123.0,60.0,2.0,0.0,0.0,0.6776182055473328
267.0,9.0,569.0,270.0,122.0,58.0,2.0,0.0,0.0,0.326519250869751
268.0,9.0,571.0,270.0,118.0,60.0,2.0,0.0,0.0,0.5433819890022278
268.0,3.0,519.5,302.0,103.0,66.0,1.0,0.0,0.0,0.31146040558815
269.0,9.0,571.0,269.0,118.0,58.0,2.0,0.0,0.0,0.4299752712249756
270.0,9.0,573.5,270.5,115.0,61.0,2.0,0.0,0.0,0.6352856159210205
271.0,10.0,315.0,209.5,370.0,201.0,6.0,0.0,0.0,0.3718346953392029
273.0,10.0,375.5,177.5,507.0,257.0,6.0,0.0,0.0,0.529891312122345
273.0,9.0,585.5,266.5,89.0,57.0,2.0,0.0,0.0,0.3443428874015808
276.0,1.0,65.5,318.5,89.0,41.0,13.0,0.0,0.0,0.3669600784778595
278.0,3.0,578.0,287.0,104.0,82.0,1.0,0.0,0.0,0.447007417678833
279.0,3.0,577.5,290.0,99.0,76.0,1.0,0.0,0.0,0.33085915446281433
282.0,1.0,119.5,316.5,89.0,39.0,13.0,0.0,0.0,0.5740867853164673
284.0,1.0,138.5,315.0,91.0,40.0,13.0,0.0,0.0,0.7160757184028625
285.0,12.0,512.0,198.5,230.0,193.0,5.0,0.0,0.0,0.42676758766174316
287.0,1.0,190.5,315.0,137.0,42.0,13.0,0.0,0.0,0.41259095072746277
288.0,1.0,175.0,311.5,92.0,35.0,13.0,0.0,0.0,0.5527808666229248
288.0,1.0,32.0,323.0,44.0,50.0,13.0,0.0,0.0,0.4206793010234833
289.0,1.0,204.0,312.5,132.0,45.0,13.0,0.0,0.0,0.649333655834198
289.0,1.0,36.5,317.0,53.0,62.0,13.0,0.0,0.0,0.3744693994522095
292.0,1.0,219.0,313.5,92.0,39.0,13.0,0.0,0.0,0.5859024524688721
292.0,1.0,54.5,327.0,87.0,46.0,13.0,0.0,0.0,0.5191020965576172
293.0,1.0,58.0,323.5,94.0,49.0,13.0,0.0,0.0,0.32040396332740784
293.0,1.0,245.5,310.5,131.0,43.0,13.0,0.0,0.0,0.30956053733825684
294.0,1.0,253.0,312.0,128.0,44.0,13.0,0.0,0.0,0.33670154213905334
297.0,1.0,82.5,328.0,141.0,48.0,13.0,0.0,0.0,0.46859636902809143
297.0,1.0,275.5,317.5,93.0,43.0,13.0,0.0,0.0,0.35485386848449707
298.0,1.0,287.0,316.0,92.0,38.0,13.0,0.0,0.0,0.3045728802680969
300.0,1.0,98.0,327.0,174.0,48.0,13.0,0.0,0.0,0.30526190996170044
302.0,1.0,328.5,313.0,99.0,42.0,13.0,0.0,0.0,0.4643772840499878
302.0,12.0,511.5,244.0,237.0,116.0,5.0,0.0,0.0,0.37767112255096436
303.0,1.0,351.5,310.5,127.0,45.0,13.0,0.0,0.0,0.5680356025695801
304.0,1.0,334.5,310.0,93.0,36.0,13.0,0.0,0.0,0.4911734461784363
305.0,1.0,352.0,315.0,92.0,42.0,13.0,0.0,0.0,0.4015539288520813
306.0,1.0,360.5,316.0,93.0,42.0,13.0,0.0,0.0,0.5608991384506226
306.0,1.0,125.0,335.5,226.0,75.0,13.0,0.0,0.0,0.4228891134262085
307.0,1.0,367.0,315.5,92.0,41.0,13.0,0.0,0.0,0.7760701775550842
308.0,1.0,378.0,316.5,102.0,51.0,13.0,0.0,0.0,0.3425912857055664
309.0,1.0,383.0,310.5,94.0,39.0,13.0,0.0,0.0,0.4943549335002899
310.0,1.0,399.0,313.0,94.0,40.0,13.0,0.0,0.0,0.6307407021522522
312.0,1.0,413.0,313.0,94.0,40.0,13.0,0.0,0.0,0.3469322621822357
313.0,1.0,425.0,312.0,92.0,42.0,13.0,0.0,0.0,0.5231638550758362
314.0,1.0,435.0,312.5,94.0,43.0,13.0,0.0,0.0,0.31931746006011963
315.0,1.0,443.0,310.5,94.0,39.0,13.0,0.0,0.0,0.5525590181350708
316.0,1.0,457.5,317.5,93.0,41.0,13.0,0.0,0.0,0.6326072216033936
317.0,1.0,462.0,317.0,92.0,42.0,13.0,0.0,0.0,0.5128124356269836
318.0,1.0,469.5,315.5,95.0,41.0,13.0,0.0,0.0,0.6211233139038086
322.0,1.0,503.0,315.0,92.0,44.0,13.0,0.0,0.0,0.6140697598457336
323.0,1.0,546.0,315.5,158.0,55.0,13.0,0.0,0.0,0.3040085732936859
324.0,1.0,522.0,310.0,94.0,40.0,13.0,0.0,0.0,0.4621489644050598
325.0,1.0,530.5,310.5,93.0,41.0,13.0,0.0,0.0,0.30332493782043457
326.0,1.0,559.0,314.5,132.0,49.0,13.0,0.0,0.0,0.38537758588790894
327.0,1.0,547.0,313.5,92.0,39.0,13.0,0.0,0.0,0.535849928855896
328.0,1.0,568.5,313.0,115.0,42.0,13.0,0.0,0.0,0.6379247307777405
329.0,1.0,568.0,314.5,108.0,45.0,13.0,0.0,0.0,0.6679155826568604
330.0,1.0,571.0,315.0,96.0,42.0,13.0,0.0,0.0,0.7294633388519287
331.0,1.0,580.0,316.5,98.0,45.0,13.0,0.0,0.0,0.7877880334854126
332.0,1.0,581.0,315.0,94.0,42.0,13.0,0.0,0.0,0.7863460779190063
333.0,1.0,586.0,312.5,90.0,43.0,13.0,0.0,0.0,0.7858525514602661
334.0,1.0,586.0,313.0,90.0,44.0,13.0,0.0,0.0,0.7987721562385559
335.0,1.0,589.5,314.5,83.0,43.0,13.0,0.0,0.0,0.8132914304733276
336.0,1.0,591.0,316.5,78.0,45.0,13.0,0.0,0.0,0.7488616108894348
337.0,1.0,595.5,317.0,69.0,42.0,13.0,0.0,0.0,0.695250928401947
338.0,1.0,599.0,318.5,64.0,45.0,13.0,0.0,0.0,0.7450758814811707
339.0,1.0,602.0,317.5,58.0,43.0,13.0,0.0,0.0,0.7879627346992493
340.0,1.0,603.5,317.0,55.0,44.0,13.0,0.0,0.0,0.665481686592102
341.0,1.0,605.5,315.0,51.0,42.0,13.0,0.0,0.0,0.6636351346969604
342.0,1.0,606.5,315.5,49.0,45.0,13.0,0.0,0.0,0.822539210319519
343.0,1.0,608.0,316.5,46.0,41.0,13.0,0.0,0.0,0.6882973909378052
344.0,1.0,608.5,317.5,45.0,41.0,13.0,0.0,0.0,0.6598587036132812
345.0,1.0,609.5,318.0,43.0,40.0,13.0,0.0,0.0,0.6501091718673706
346.0,1.0,611.0,316.5,40.0,39.0,13.0,0.0,0.0,0.30681905150413513
444.0,1.0,611.5,309.5,39.0,49.0,13.0,0.0,0.0,0.47048214077949524
445.0,1.0,606.0,305.5,50.0,49.0,13.0,0.0,0.0,0.8038230538368225
446.0,1.0,606.5,305.0,49.0,46.0,13.0,0.0,0.0,0.737328827381134
447.0,1.0,604.5,304.5,53.0,47.0,13.0,0.0,0.0,0.7314934730529785
448.0,1.0,599.5,307.5,63.0,45.0,13.0,0.0,0.0,0.7301698327064514
449.0,1.0,595.5,309.5,71.0,43.0,13.0,0.0,0.0,0.7767033576965332
450.0,1.0,591.5,310.0,77.0,44.0,13.0,0.0,0.0,0.8285182118415833
451.0,1.0,591.5,315.0,79.0,54.0,13.0,0.0,0.0,0.8065062165260315
452.0,1.0,589.0,307.0,82.0,44.0,13.0,0.0,0.0,0.764115035533905
453.0,1.0,588.5,308.5,83.0,47.0,13.0,0.0,0.0,0.7372798919677734
454.0,1.0,587.0,309.5,86.0,47.0,13.0,0.0,0.0,0.7608433365821838
455.0,1.0,585.5,310.5,91.0,45.0,13.0,0.0,0.0,0.754814088344574
456.0,1.0,584.5,313.0,91.0,48.0,13.0,0.0,0.0,0.8580325841903687
457.0,1.0,584.0,314.5,92.0,49.0,13.0,0.0,0.0,0.8641172051429749
458.0,1.0,584.5,314.0,91.0,46.0,13.0,0.0,0.0,0.7977846264839172
459.0,1.0,583.5,313.0,93.0,46.0,13.0,0.0,0.0,0.8448542952537537
460.0,1.0,582.5,316.0,95.0,54.0,13.0,0.0,0.0,0.8405686616897583
461.0,1.0,581.5,312.5,95.0,47.0,13.0,0.0,0.0,0.8283028602600098
462.0,1.0,578.5,314.0,97.0,48.0,13.0,0.0,0.0,0.8297024369239807
463.0,1.0,575.5,314.5,95.0,47.0,13.0,0.0,0.0,0.8400973677635193
464.0,1.0,577.0,315.5,96.0,47.0,13.0,0.0,0.0,0.8391542434692383
465.0,1.0,577.0,314.5,96.0,45.0,13.0,0.0,0.0,0.8092800974845886
466.0,1.0,576.5,313.0,97.0,46.0,13.0,0.0,0.0,0.8316553235054016
467.0,1.0,577.5,314.0,103.0,46.0,13.0,0.0,0.0,0.8216318488121033
468.0,1.0,570.5,315.5,101.0,45.0,13.0,0.0,0.0,0.7777459025382996
469.0,1.0,557.0,318.5,94.0,45.0,13.0,0.0,0.0,0.7523984909057617
470.0,1.0,558.0,321.0,100.0,48.0,13.0,0.0,0.0,0.7705233097076416
471.0,1.0,553.0,319.5,94.0,47.0,13.0,0.0,0.0,0.8477800488471985
472.0,1.0,549.0,317.5,94.0,45.0,13.0,0.0,0.0,0.8606516122817993
473.0,1.0,544.0,317.5,94.0,47.0,13.0,0.0,0.0,0.6642332077026367
474.0,1.0,540.5,317.0,93.0,44.0,13.0,0.0,0.0,0.7624359726905823
475.0,1.0,529.5,317.5,95.0,45.0,13.0,0.0,0.0,0.44974663853645325
476.0,1.0,526.0,319.5,94.0,47.0,13.0,0.0,0.0,0.7819693088531494
477.0,1.0,521.5,317.5,93.0,45.0,13.0,0.0,0.0,0.6629693508148193
478.0,1.0,519.5,316.5,95.0,45.0,13.0,0.0,0.0,0.7689595818519592
479.0,1.0,510.5,318.5,93.0,45.0,13.0,0.0,0.0,0.5513279438018799
480.0,1.0,501.0,318.5,94.0,47.0,13.0,0.0,0.0,0.7344637513160706
482.0,1.0,513.0,319.0,130.0,48.0,13.0,0.0,0.0,0.4263880252838135
483.0,1.0,491.5,320.5,95.0,47.0,13.0,0.0,0.0,0.7114671468734741
484.0,1.0,488.5,324.0,95.0,50.0,13.0,0.0,0.0,0.847236156463623
485.0,1.0,483.0,324.0,96.0,44.0,13.0,0.0,0.0,0.5358852744102478
486.0,1.0,473.0,326.0,96.0,44.0,13.0,0.0,0.0,0.7343565821647644
487.0,1.0,467.5,326.5,95.0,45.0,13.0,0.0,0.0,0.7205538153648376
488.0,1.0,455.5,323.0,93.0,48.0,13.0,0.0,0.0,0.8116101026535034
489.0,1.0,456.0,323.0,96.0,48.0,13.0,0.0,0.0,0.6051762104034424
490.0,1.0,452.0,322.0,96.0,46.0,13.0,0.0,0.0,0.6584612727165222
491.0,1.0,447.5,322.5,95.0,45.0,13.0,0.0,0.0,0.7132865190505981
491.0,1.0,162.5,343.0,301.0,78.0,13.0,0.0,0.0,0.312784343957901
492.0,1.0,464.0,323.5,142.0,47.0,13.0,0.0,0.0,0.42593446373939514
494.0,1.0,452.5,324.0,143.0,46.0,13.0,0.0,0.0,0.48246532678604126
495.0,1.0,449.5,325.5,141.0,47.0,13.0,0.0,0.0,0.5894219279289246
496.0,1.0,440.5,323.5,133.0,43.0,13.0,0.0,0.0,0.39332833886146545
496.0,1.0,150.0,336.0,276.0,62.0,13.0,0.0,0.0,0.3565160036087036
498.0,1.0,429.0,324.0,144.0,48.0,13.0,0.0,0.0,0.44195428490638733
498.0,1.0,142.5,337.0,257.0,62.0,13.0,0.0,0.0,0.4133106768131256
499.0,1.0,400.0,326.0,100.0,40.0,13.0,0.0,0.0,0.3594774603843689
499.0,1.0,138.5,338.5,253.0,61.0,13.0,0.0,0.0,0.3049147427082062
500.0,1.0,394.0,331.0,98.0,46.0,13.0,0.0,0.0,0.7255781888961792
501.0,1.0,408.0,332.5,142.0,53.0,13.0,0.0,0.0,0.560664713382721
502.0,1.0,381.5,328.0,97.0,42.0,13.0,0.0,0.0,0.672650158405304
503.0,1.0,376.0,327.0,96.0,46.0,13.0,0.0,0.0,0.7292588949203491
504.0,1.0,371.5,326.0,95.0,44.0,13.0,0.0,0.0,0.7883095741271973
506.0,1.0,360.0,326.5,96.0,45.0,13.0,0.0,0.0,0.5006453990936279
506.0,1.0,117.0,337.5,212.0,57.0,13.0,0.0,0.0,0.32696864008903503
508.0,1.0,340.5,327.5,97.0,43.0,13.0,0.0,0.0,0.41979706287384033
508.0,1.0,107.5,338.0,191.0,52.0,13.0,0.0,0.0,0.31832537055015564
509.0,1.0,335.0,327.5,98.0,45.0,13.0,0.0,0.0,0.3816097378730774
510.0,1.0,361.0,327.5,150.0,47.0,13.0,0.0,0.0,0.5616912841796875
511.0,1.0,353.5,326.0,141.0,44.0,13.0,0.0,0.0,0.579802393913269
511.0,1.0,103.0,338.0,184.0,58.0,13.0,0.0,0.0,0.4011550545692444
512.0,1.0,352.5,328.0,143.0,52.0,13.0,0.0,0.0,0.39828646183013916
512.0,1.0,330.5,328.0,99.0,48.0,13.0,0.0,0.0,0.3075777292251587
513.0,1.0,100.0,341.5,178.0,67.0,13.0,0.0,0.0,0.49006688594818115
513.0,1.0,326.5,328.5,97.0,49.0,13.0,0.0,0.0,0.45201075077056885
514.0,1.0,351.5,328.5,151.0,49.0,13.0,0.0,0.0,0.6166675686836243
514.0,1.0,99.0,338.5,176.0,59.0,13.0,0.0,0.0,0.5805835723876953
515.0,1.0,321.0,330.5,98.0,47.0,13.0,0.0,0.0,0.5374930500984192
516.0,1.0,95.0,344.0,168.0,70.0,13.0,0.0,0.0,0.42356422543525696
516.0,1.0,340.0,333.0,144.0,54.0,13.0,0.0,0.0,0.31936055421829224
517.0,1.0,313.0,330.0,98.0,48.0,13.0,0.0,0.0,0.6336919069290161
518.0,1.0,313.0,328.0,98.0,46.0,13.0,0.0,0.0,0.6900045275688171
519.0,1.0,314.0,325.0,98.0,42.0,13.0,0.0,0.0,0.6426063776016235
520.0,1.0,338.0,322.5,142.0,47.0,13.0,0.0,0.0,0.4276095926761627
520.0,1.0,94.0,332.5,166.0,57.0,13.0,0.0,0.0,0.4269668757915497
521.0,1.0,338.5,325.0,145.0,52.0,13.0,0.0,0.0,0.37809664011001587
521.0,1.0,94.0,333.5,166.0,57.0,13.0,0.0,0.0,0.33333152532577515
523.0,1.0,310.0,323.0,100.0,44.0,13.0,0.0,0.0,0.3639649450778961
524.0,1.0,331.0,323.0,146.0,46.0,13.0,0.0,0.0,0.6072006225585938
525.0,1.0,305.0,324.0,96.0,48.0,13.0,0.0,0.0,0.34656721353530884
526.0,1.0,330.5,321.0,147.0,46.0,13.0,0.0,0.0,0.49180057644844055
527.0,1.0,88.0,329.0,154.0,56.0,13.0,0.0,0.0,0.3485628366470337
528.0,1.0,300.5,321.5,97.0,49.0,13.0,0.0,0.0,0.7419209480285645
529.0,1.0,85.5,329.0,149.0,56.0,13.0,0.0,0.0,0.4421944320201874
529.0,1.0,300.5,324.5,97.0,55.0,13.0,0.0,0.0,0.3524490296840668
530.0,1.0,298.0,325.5,102.0,55.0,13.0,0.0,0.0,0.44564899802207947
530.0,1.0,84.0,328.5,146.0,57.0,13.0,0.0,0.0,0.35999253392219543
531.0,1.0,316.0,321.0,152.0,48.0,13.0,0.0,0.0,0.43136125802993774
532.0,1.0,304.0,319.0,132.0,48.0,13.0,0.0,0.0,0.558941662311554
533.0,1.0,288.5,318.5,103.0,47.0,13.0,0.0,0.0,0.5870526432991028
534.0,1.0,287.5,319.5,97.0,45.0,13.0,0.0,0.0,0.7438231110572815
535.0,1.0,289.0,326.0,104.0,56.0,13.0,0.0,0.0,0.3207257091999054
537.0,1.0,290.0,318.5,100.0,45.0,13.0,0.0,0.0,0.41543951630592346
538.0,1.0,294.0,316.0,98.0,44.0,13.0,0.0,0.0,0.7175367474555969
538.0,1.0,82.0,335.5,142.0,81.0,13.0,0.0,0.0,0.3257555365562439
540.0,1.0,293.0,317.5,98.0,49.0,13.0,0.0,0.0,0.6375719308853149
541.0,1.0,315.5,317.5,147.0,49.0,13.0,0.0,0.0,0.6305403113365173
541.0,1.0,80.0,326.0,138.0,58.0,13.0,0.0,0.0,0.3016608953475952
542.0,1.0,320.5,320.0,159.0,56.0,13.0,0.0,0.0,0.3735925853252411
542.0,1.0,79.5,328.5,137.0,63.0,13.0,0.0,0.0,0.3607001304626465
543.0,1.0,314.5,317.0,147.0,50.0,13.0,0.0,0.0,0.5095818042755127
544.0,1.0,313.5,315.5,147.0,51.0,13.0,0.0,0.0,0.6628066897392273
544.0,1.0,79.0,333.5,136.0,65.0,13.0,0.0,0.0,0.5053021907806396
545.0,1.0,313.0,316.0,146.0,50.0,13.0,0.0,0.0,0.588071346282959
545.0,1.0,79.0,338.5,136.0,85.0,13.0,0.0,0.0,0.41688427329063416
546.0,1.0,291.0,316.5,102.0,51.0,13.0,0.0,0.0,0.5713651180267334
546.0,1.0,79.0,324.0,136.0,58.0,13.0,0.0,0.0,0.40327054262161255
547.0,1.0,314.0,316.5,146.0,55.0,13.0,0.0,0.0,0.45690998435020447
548.0,1.0,292.0,317.0,100.0,50.0,13.0,0.0,0.0,0.3864879310131073
549.0,1.0,292.5,317.5,101.0,47.0,13.0,0.0,0.0,0.5238589644432068
550.0,1.0,317.5,316.5,155.0,49.0,13.0,0.0,0.0,0.3919008672237396
550.0,1.0,78.5,323.5,135.0,59.0,13.0,0.0,0.0,0.3538907766342163
551.0,1.0,315.5,315.0,149.0,48.0,13.0,0.0,0.0,0.36860719323158264
551.0,1.0,79.0,321.5,136.0,59.0,13.0,0.0,0.0,0.3401516079902649
552.0,1.0,80.5,322.5,139.0,59.0,13.0,0.0,0.0,0.4132239520549774
552.0,1.0,295.5,313.0,103.0,48.0,13.0,0.0,0.0,0.3609565794467926
553.0,1.0,431.5,295.0,73.0,60.0,13.0,0.0,0.0,0.6346198320388794
553.0,1.0,293.5,314.0,103.0,48.0,13.0,0.0,0.0,0.4418630301952362
553.0,1.0,79.5,335.5,137.0,85.0,13.0,0.0,0.0,0.32991543412208557
554.0,1.0,322.5,313.5,165.0,49.0,13.0,0.0,0.0,0.7491427659988403
554.0,1.0,78.0,324.5,134.0,61.0,13.0,0.0,0.0,0.5063658952713013
555.0,1.0,77.0,324.0,132.0,62.0,13.0,0.0,0.0,0.4776100814342499
555.0,1.0,319.0,314.5,162.0,59.0,13.0,0.0,0.0,0.37042173743247986
556.0,1.0,78.5,324.5,135.0,61.0,13.0,0.0,0.0,0.4364446699619293
557.0,1.0,79.0,335.0,136.0,82.0,13.0,0.0,0.0,0.5486871600151062
558.0,1.0,78.5,328.5,135.0,71.0,13.0,0.0,0.0,0.38039854168891907
559.0,1.0,291.5,315.0,103.0,52.0,13.0,0.0,0.0,0.8224857449531555
559.0,1.0,78.0,325.5,134.0,65.0,13.0,0.0,0.0,0.5156470537185669
560.0,1.0,292.5,316.5,103.0,51.0,13.0,0.0,0.0,0.6116674542427063
561.0,1.0,315.5,313.5,153.0,51.0,13.0,0.0,0.0,0.7531572580337524
561.0,1.0,77.0,326.0,132.0,66.0,13.0,0.0,0.0,0.4492899775505066
562.0,1.0,77.0,325.5,132.0,61.0,13.0,0.0,0.0,0.5247064828872681
562.0,1.0,313.0,317.0,148.0,54.0,13.0,0.0,0.0,0.306620717048645
563.0,1.0,293.0,319.0,104.0,58.0,13.0,0.0,0.0,0.6882716417312622
563.0,1.0,78.0,324.0,134.0,60.0,13.0,0.0,0.0,0.6344800591468811
564.0,1.0,293.0,317.0,102.0,50.0,13.0,0.0,0.0,0.41095390915870667
564.0,13.0,463.5,273.0,31.0,96.0,0.0,0.0,0.0,0.40337222814559937
565.0,1.0,293.0,317.5,102.0,49.0,13.0,0.0,0.0,0.7004327178001404
565.0,1.0,78.5,334.0,135.0,74.0,13.0,0.0,0.0,0.5550122261047363
566.0,1.0,317.0,316.0,154.0,50.0,13.0,0.0,0.0,0.7267435193061829
567.0,1.0,320.0,314.5,152.0,49.0,13.0,0.0,0.0,0.38823652267456055
568.0,1.0,299.0,320.5,104.0,57.0,13.0,0.0,0.0,0.4660267233848572
569.0,1.0,326.0,315.5,156.0,51.0,13.0,0.0,0.0,0.5803148746490479
570.0,1.0,294.0,321.0,104.0,54.0,13.0,0.0,0.0,0.66977459192276
571.0,1.0,80.0,342.5,138.0,85.0,13.0,0.0,0.0,0.3015614449977875
573.0,1.0,353.5,315.5,219.0,51.0,13.0,0.0,0.0,0.45408961176872253
573.0,1.0,322.0,315.0,154.0,50.0,13.0,0.0,0.0,0.36500608921051025
574.0,1.0,294.5,316.5,105.0,51.0,13.0,0.0,0.0,0.8408326506614685
575.0,1.0,293.0,321.0,104.0,52.0,13.0,0.0,0.0,0.7457585334777832
575.0,1.0,77.0,331.0,132.0,64.0,13.0,0.0,0.0,0.5811817049980164
576.0,1.0,292.5,327.5,107.0,57.0,13.0,0.0,0.0,0.5312300324440002
576.0,1.0,75.5,339.5,131.0,73.0,13.0,0.0,0.0,0.4793694019317627
577.0,1.0,311.5,318.0,157.0,48.0,13.0,0.0,0.0,0.7360549569129944
578.0,1.0,311.5,318.5,157.0,51.0,13.0,0.0,0.0,0.3615763187408447
578.0,1.0,73.0,344.5,124.0,91.0,13.0,0.0,0.0,0.30687034130096436
579.0,1.0,288.5,319.5,107.0,49.0,13.0,0.0,0.0,0.6684029698371887
579.0,1.0,73.0,332.0,124.0,66.0,13.0,0.0,0.0,0.517340362071991
580.0,1.0,282.0,321.0,106.0,48.0,13.0,0.0,0.0,0.6992740631103516
581.0,1.0,67.5,342.0,115.0,84.0,13.0,0.0,0.0,0.42385411262512207
582.0,1.0,68.0,337.0,114.0,72.0,13.0,0.0,0.0,0.38809043169021606
583.0,1.0,294.0,324.5,156.0,59.0,13.0,0.0,0.0,0.3165949583053589
584.0,1.0,63.0,332.5,106.0,63.0,13.0,0.0,0.0,0.5680774450302124
584.0,1.0,269.5,322.5,107.0,55.0,13.0,0.0,0.0,0.5015757083892822
585.0,1.0,61.5,334.5,101.0,65.0,13.0,0.0,0.0,0.5096609592437744
586.0,1.0,258.0,325.0,108.0,50.0,13.0,0.0,0.0,0.7507633566856384
586.0,1.0,57.5,336.0,93.0,56.0,13.0,0.0,0.0,0.5969119071960449
587.0,1.0,255.5,323.5,109.0,49.0,13.0,0.0,0.0,0.7882206439971924
587.0,1.0,56.0,342.0,90.0,74.0,13.0,0.0,0.0,0.6442609429359436
588.0,1.0,279.0,327.0,160.0,60.0,13.0,0.0,0.0,0.7053907513618469
588.0,1.0,54.0,334.0,88.0,66.0,13.0,0.0,0.0,0.4895101487636566
589.0,1.0,250.5,323.5,107.0,57.0,13.0,0.0,0.0,0.47942277789115906
590.0,1.0,246.5,322.5,107.0,55.0,13.0,0.0,0.0,0.3705027103424072
591.0,1.0,50.0,333.0,78.0,62.0,13.0,0.0,0.0,0.6765535473823547
591.0,1.0,243.5,325.0,107.0,56.0,13.0,0.0,0.0,0.6407162547111511
592.0,1.0,48.0,335.5,76.0,57.0,13.0,0.0,0.0,0.5614719986915588
593.0,1.0,46.0,334.5,70.0,63.0,13.0,0.0,0.0,0.7596418261528015
593.0,1.0,260.5,326.5,157.0,57.0,13.0,0.0,0.0,0.399516224861145
594.0,1.0,233.0,324.5,110.0,51.0,13.0,0.0,0.0,0.5650055408477783
594.0,1.0,43.0,344.0,66.0,80.0,13.0,0.0,0.0,0.5122539401054382
595.0,1.0,254.5,324.5,159.0,53.0,13.0,0.0,0.0,0.5268729329109192
595.0,1.0,41.5,347.5,63.0,91.0,13.0,0.0,0.0,0.3784860074520111
595.0,1.0,41.5,334.5,63.0,65.0,13.0,0.0,0.0,0.3239614963531494
596.0,1.0,40.5,338.0,61.0,60.0,13.0,0.0,0.0,0.7259998917579651
597.0,1.0,251.5,322.5,161.0,57.0,13.0,0.0,0.0,0.4893006682395935
597.0,1.0,39.5,334.5,59.0,57.0,13.0,0.0,0.0,0.42168253660202026
598.0,1.0,223.0,319.5,110.0,51.0,13.0,0.0,0.0,0.6379584074020386
598.0,1.0,37.5,334.0,55.0,70.0,13.0,0.0,0.0,0.5046523809432983
599.0,1.0,245.5,323.5,161.0,59.0,13.0,0.0,0.0,0.5325649380683899
599.0,1.0,36.5,343.0,53.0,90.0,13.0,0.0,0.0,0.3802246153354645
600.0,1.0,36.0,333.5,52.0,65.0,13.0,0.0,0.0,0.5699660181999207
600.0,1.0,221.0,320.5,114.0,51.0,13.0,0.0,0.0,0.4120829701423645
603.0,1.0,226.0,321.0,162.0,54.0,13.0,0.0,0.0,0.33920958638191223
603.0,1.0,25.5,334.0,31.0,68.0,13.0,0.0,0.0,0.3005145788192749
604.0,1.0,193.5,321.0,111.0,54.0,13.0,0.0,0.0,0.8288347721099854
605.0,1.0,191.5,319.5,111.0,51.0,13.0,0.0,0.0,0.51994788646698
606.0,1.0,191.0,319.5,110.0,53.0,13.0,0.0,0.0,0.5249559879302979
608.0,1.0,179.5,322.0,113.0,56.0,13.0,0.0,0.0,0.7429947257041931
609.0,1.0,176.5,319.5,109.0,53.0,13.0,0.0,0.0,0.4347144067287445
610.0,1.0,176.5,326.5,111.0,69.0,13.0,0.0,0.0,0.3052234947681427
611.0,1.0,174.5,318.0,111.0,52.0,13.0,0.0,0.0,0.4907146394252777
612.0,1.0,197.0,316.0,164.0,50.0,13.0,0.0,0.0,0.3674079477787018
613.0,1.0,195.5,319.0,167.0,56.0,13.0,0.0,0.0,0.6015487313270569
615.0,1.0,187.5,322.0,165.0,54.0,13.0,0.0,0.0,0.6103412508964539
616.0,1.0,178.0,319.5,164.0,55.0,13.0,0.0,0.0,0.49649694561958313
618.0,1.0,155.5,317.0,113.0,48.0,13.0,0.0,0.0,0.4621155560016632
619.0,1.0,180.5,323.0,167.0,60.0,13.0,0.0,0.0,0.3830907940864563
620.0,1.0,144.5,323.5,113.0,59.0,13.0,0.0,0.0,0.38799917697906494
621.0,1.0,145.0,323.0,114.0,54.0,13.0,0.0,0.0,0.43829724192619324
622.0,1.0,143.5,327.0,113.0,64.0,13.0,0.0,0.0,0.42408284544944763
623.0,1.0,165.0,318.0,168.0,52.0,13.0,0.0,0.0,0.613602876663208
624.0,1.0,162.5,316.0,159.0,54.0,13.0,0.0,0.0,0.6058268547058105
625.0,1.0,144.0,318.0,114.0,54.0,13.0,0.0,0.0,0.43247345089912415
626.0,1.0,139.0,322.0,114.0,56.0,13.0,0.0,0.0,0.5241063833236694
628.0,1.0,132.5,324.0,115.0,56.0,13.0,0.0,0.0,0.45737335085868835
631.0,1.0,125.0,324.0,116.0,54.0,13.0,0.0,0.0,0.3043707013130188
635.0,1.0,140.5,322.5,175.0,57.0,13.0,0.0,0.0,0.5721067786216736
636.0,1.0,134.5,328.5,169.0,67.0,13.0,0.0,0.0,0.3307882249355316
637.0,14.0,419.0,155.5,426.0,299.0,5.0,0.0,0.0,0.4503709673881531
642.0,1.0,95.5,331.5,123.0,55.0,13.0,0.0,0.0,0.38282260298728943
645.0,15.0,345.0,301.0,60.0,44.0,1.0,0.0,0.0,0.3105835020542145
646.0,1.0,82.5,334.0,119.0,56.0,13.0,0.0,0.0,0.3149041533470154
673.0,16.0,362.0,160.5,484.0,309.0,6.0,0.0,0.0,0.5764551162719727
686.0,16.0,313.0,158.5,586.0,313.0,6.0,0.0,0.0,0.3552946150302887
701.0,16.0,322.5,159.0,465.0,312.0,6.0,0.0,0.0,0.4235842227935791
702.0,16.0,325.5,158.0,457.0,308.0,6.0,0.0,0.0,0.4638493061065674
705.0,16.0,355.0,155.0,524.0,306.0,6.0,0.0,0.0,0.6036931872367859
706.0,16.0,368.0,153.0,512.0,304.0,6.0,0.0,0.0,0.5740601420402527
726.0,16.0,386.0,160.0,490.0,316.0,6.0,0.0,0.0,0.3273335099220276
727.0,16.0,389.5,154.5,485.0,305.0,6.0,0.0,0.0,0.45581313967704773
735.0,16.0,398.0,159.0,464.0,312.0,6.0,0.0,0.0,0.330397367477417
736.0,16.0,401.0,156.5,460.0,311.0,6.0,0.0,0.0,0.6982539296150208
737.0,16.0,400.0,154.0,460.0,306.0,6.0,0.0,0.0,0.46114543080329895
738.0,16.0,401.5,155.5,457.0,309.0,6.0,0.0,0.0,0.40568462014198303
745.0,16.0,404.5,154.5,451.0,307.0,6.0,0.0,0.0,0.3414302170276642
747.0,16.0,406.5,158.5,449.0,313.0,6.0,0.0,0.0,0.3048393726348877
751.0,16.0,406.0,160.0,450.0,316.0,6.0,0.0,0.0,0.36871907114982605
764.0,16.0,405.0,157.5,450.0,307.0,6.0,0.0,0.0,0.5069833397865295
768.0,16.0,397.5,163.5,465.0,321.0,6.0,0.0,0.0,0.33447736501693726
769.0,16.0,395.0,159.5,470.0,317.0,6.0,0.0,0.0,0.37259751558303833
775.0,16.0,387.5,156.5,485.0,311.0,6.0,0.0,0.0,0.3372041881084442
795.0,16.0,314.0,161.5,520.0,317.0,6.0,0.0,0.0,0.3154156804084778
795.0,17.0,305.0,219.0,34.0,98.0,0.0,0.0,0.0,0.30363208055496216
912.0,17.0,355.0,276.5,36.0,71.0,0.0,0.0,0.0,0.33028385043144226
970.0,16.0,325.0,180.0,612.0,348.0,6.0,0.0,0.0,0.3720634877681732
971.0,16.0,320.5,233.0,615.0,454.0,6.0,0.0,0.0,0.48168623447418213
979.0,18.0,61.0,311.0,92.0,70.0,1.0,0.0,0.0,0.343071311712265
980.0,18.0,54.5,292.5,87.0,97.0,1.0,0.0,0.0,0.4108744263648987
981.0,16.0,319.0,169.5,616.0,329.0,6.0,0.0,0.0,0.529317319393158
982.0,18.0,53.0,308.0,68.0,68.0,1.0,0.0,0.0,0.3065641522407532
984.0,16.0,290.5,170.5,559.0,331.0,6.0,0.0,0.0,0.45790669322013855
986.0,18.0,41.0,315.0,60.0,68.0,1.0,0.0,0.0,0.47794345021247864
1000.0,16.0,301.5,170.5,581.0,331.0,6.0,0.0,0.0,0.3503810167312622
1011.0,16.0,234.5,166.0,447.0,318.0,6.0,0.0,0.0,0.37479111552238464
1014.0,16.0,236.0,163.5,450.0,313.0,6.0,0.0,0.0,0.30619004368782043
1016.0,16.0,238.5,166.0,455.0,318.0,6.0,0.0,0.0,0.3289608359336853
1023.0,16.0,236.0,165.0,450.0,316.0,6.0,0.0,0.0,0.427844375371933
1030.0,16.0,228.5,162.0,435.0,316.0,6.0,0.0,0.0,0.35040444135665894
1036.0,13.0,568.5,282.5,21.0,55.0,0.0,0.0,0.0,0.49911442399024963
1041.0,16.0,312.5,231.5,605.0,461.0,6.0,0.0,0.0,0.3246747851371765
1046.0,13.0,496.5,281.5,29.0,59.0,0.0,0.0,0.0,0.5619542002677917
1047.0,13.0,492.0,282.0,30.0,58.0,0.0,0.0,0.0,0.31650078296661377
1049.0,13.0,476.5,280.0,27.0,58.0,0.0,0.0,0.0,0.48610740900039673
1053.0,13.0,444.5,286.0,33.0,64.0,0.0,0.0,0.0,0.5284218192100525
1054.0,13.0,434.0,280.5,38.0,69.0,0.0,0.0,0.0,0.652816891670227
1055.0,13.0,426.0,283.0,38.0,62.0,0.0,0.0,0.0,0.7706161737442017
1056.0,13.0,423.0,283.0,32.0,64.0,0.0,0.0,0.0,0.48843052983283997
1057.0,13.0,414.0,285.5,26.0,63.0,0.0,0.0,0.0,0.643140435218811
1058.0,13.0,406.0,286.5,24.0,63.0,0.0,0.0,0.0,0.6451809406280518
1059.0,13.0,400.0,286.5,26.0,61.0,0.0,0.0,0.0,0.766268253326416
1060.0,13.0,402.0,284.0,30.0,62.0,0.0,0.0,0.0,0.6158910393714905
1061.0,13.0,403.0,283.0,34.0,64.0,0.0,0.0,0.0,0.839385986328125
1062.0,13.0,400.5,281.0,37.0,64.0,0.0,0.0,0.0,0.8093276023864746
1063.0,13.0,400.0,281.5,38.0,63.0,0.0,0.0,0.0,0.8321354985237122
1064.0,13.0,401.0,286.0,38.0,64.0,0.0,0.0,0.0,0.811673104763031
1065.0,13.0,398.5,288.5,35.0,65.0,0.0,0.0,0.0,0.7008402943611145
1066.0,13.0,392.0,287.5,18.0,61.0,0.0,0.0,0.0,0.4753660559654236
1067.0,13.0,397.5,286.0,23.0,62.0,0.0,0.0,0.0,0.42860573530197144
1068.0,13.0,400.5,286.0,25.0,62.0,0.0,0.0,0.0,0.6605620980262756
1069.0,13.0,406.5,286.0,29.0,62.0,0.0,0.0,0.0,0.668033242225647
1070.0,13.0,408.0,286.0,34.0,62.0,0.0,0.0,0.0,0.7282395958900452
1071.0,13.0,409.0,286.0,38.0,62.0,0.0,0.0,0.0,0.8071180582046509
1072.0,13.0,408.5,287.0,41.0,62.0,0.0,0.0,0.0,0.8508161902427673
1073.0,13.0,409.0,285.0,42.0,68.0,0.0,0.0,0.0,0.7989957928657532
1074.0,13.0,406.5,283.5,39.0,67.0,0.0,0.0,0.0,0.6464508175849915
1075.0,13.0,396.0,285.5,20.0,59.0,0.0,0.0,0.0,0.45791518688201904
1076.0,13.0,400.5,285.0,29.0,60.0,0.0,0.0,0.0,0.615193247795105
1077.0,13.0,399.0,286.0,30.0,62.0,0.0,0.0,0.0,0.6987283229827881
1078.0,13.0,398.0,283.5,32.0,63.0,0.0,0.0,0.0,0.6295351982116699
1079.0,13.0,398.5,283.5,33.0,63.0,0.0,0.0,0.0,0.7488874793052673
1080.0,13.0,397.5,280.0,39.0,64.0,0.0,0.0,0.0,0.8546985387802124
1081.0,13.0,398.5,281.5,41.0,65.0,0.0,0.0,0.0,0.7823607325553894
1082.0,13.0,395.5,281.5,51.0,65.0,0.0,0.0,0.0,0.5355757474899292
1083.0,13.0,381.0,291.0,22.0,82.0,0.0,0.0,0.0,0.55672287940979
1084.0,13.0,382.0,282.5,18.0,65.0,0.0,0.0,0.0,0.604580283164978
1086.0,13.0,375.0,281.5,32.0,65.0,0.0,0.0,0.0,0.6426755785942078
1088.0,13.0,373.5,284.5,37.0,67.0,0.0,0.0,0.0,0.6972538828849792
1089.0,13.0,375.5,286.0,41.0,68.0,0.0,0.0,0.0,0.7961992025375366
1090.0,13.0,369.0,285.5,46.0,69.0,0.0,0.0,0.0,0.75568026304245
1091.0,13.0,365.5,285.0,41.0,66.0,0.0,0.0,0.0,0.8007687330245972
1092.0,13.0,367.0,284.5,40.0,65.0,0.0,0.0,0.0,0.6071960926055908
1093.0,13.0,365.5,285.5,23.0,63.0,0.0,0.0,0.0,0.34972912073135376
1094.0,13.0,369.0,285.0,26.0,64.0,0.0,0.0,0.0,0.567887544631958
1095.0,13.0,368.0,285.0,30.0,64.0,0.0,0.0,0.0,0.4938369691371918
1096.0,13.0,372.0,283.0,30.0,66.0,0.0,0.0,0.0,0.3675975501537323
1097.0,13.0,381.0,282.5,36.0,67.0,0.0,0.0,0.0,0.8209295868873596
1098.0,13.0,382.5,281.0,37.0,68.0,0.0,0.0,0.0,0.8537094593048096
1099.0,13.0,382.0,278.0,38.0,68.0,0.0,0.0,0.0,0.8451653122901917
1100.0,13.0,385.0,280.5,32.0,67.0,0.0,0.0,0.0,0.5803104639053345
1101.0,13.0,380.5,282.5,23.0,65.0,0.0,0.0,0.0,0.6319769024848938
1102.0,13.0,380.5,284.0,21.0,64.0,0.0,0.0,0.0,0.700160562992096
1103.0,13.0,378.0,283.0,26.0,64.0,0.0,0.0,0.0,0.7080711126327515
1104.0,13.0,384.5,283.5,35.0,67.0,0.0,0.0,0.0,0.6986070275306702
1105.0,13.0,384.5,284.0,33.0,66.0,0.0,0.0,0.0,0.563356876373291
1106.0,13.0,387.0,285.5,40.0,69.0,0.0,0.0,0.0,0.8245704174041748
1107.0,13.0,388.0,286.0,44.0,68.0,0.0,0.0,0.0,0.8051507472991943
1108.0,13.0,386.5,284.5,43.0,67.0,0.0,0.0,0.0,0.8129252195358276
1109.0,13.0,384.0,283.0,38.0,66.0,0.0,0.0,0.0,0.8059872984886169
1110.0,13.0,382.0,281.5,32.0,65.0,0.0,0.0,0.0,0.7598897218704224
1111.0,13.0,382.5,281.5,33.0,65.0,0.0,0.0,0.0,0.6227895021438599
1112.0,13.0,378.0,283.0,22.0,66.0,0.0,0.0,0.0,0.7994518280029297
1113.0,13.0,373.0,283.0,30.0,66.0,0.0,0.0,0.0,0.6865101456642151
1114.0,13.0,375.0,283.5,28.0,67.0,0.0,0.0,0.0,0.7771655917167664
1115.0,13.0,377.0,281.5,36.0,69.0,0.0,0.0,0.0,0.8189130425453186
1116.0,13.0,376.5,279.0,31.0,68.0,0.0,0.0,0.0,0.7478949427604675
1117.0,13.0,381.5,277.0,35.0,68.0,0.0,0.0,0.0,0.7162182927131653
1118.0,13.0,381.0,278.0,38.0,64.0,0.0,0.0,0.0,0.6188254356384277
1119.0,13.0,387.5,278.0,29.0,60.0,0.0,0.0,0.0,0.5993985533714294
1119.0,19.0,190.5,167.5,359.0,319.0,5.0,0.0,0.0,0.49917030334472656
1120.0,13.0,391.5,279.5,23.0,59.0,0.0,0.0,0.0,0.6915284395217896
1121.0,13.0,393.5,277.5,23.0,59.0,0.0,0.0,0.0,0.7066426873207092
1122.0,13.0,396.5,275.0,23.0,62.0,0.0,0.0,0.0,0.6927980780601501
1122.0,19.0,197.5,168.5,371.0,319.0,5.0,0.0,0.0,0.374378502368927
1123.0,13.0,403.0,272.0,22.0,58.0,0.0,0.0,0.0,0.38972413539886475
1124.0,13.0,410.5,271.0,21.0,60.0,0.0,0.0,0.0,0.33790162205696106
1125.0,13.0,414.5,273.5,19.0,59.0,0.0,0.0,0.0,0.3792787194252014
1127.0,19.0,216.5,167.5,411.0,319.0,5.0,0.0,0.0,0.46390101313591003
1127.0,16.0,504.0,191.0,204.0,222.0,6.0,0.0,0.0,0.35608816146850586
1157.0,19.0,207.5,164.0,393.0,322.0,5.0,0.0,0.0,0.34200772643089294
1171.0,16.0,318.5,233.5,615.0,455.0,6.0,0.0,0.0,0.3720042407512665
1228.0,20.0,550.5,244.0,161.0,176.0,5.0,0.0,0.0,0.32292619347572327
1231.0,16.0,267.5,175.5,511.0,341.0,6.0,0.0,0.0,0.40031954646110535
1232.0,19.0,170.5,172.0,317.0,330.0,5.0,0.0,0.0,0.38014864921569824
1234.0,16.0,320.0,234.0,616.0,458.0,6.0,0.0,0.0,0.3090996742248535
1235.0,16.0,320.5,235.5,617.0,453.0,6.0,0.0,0.0,0.7129848599433899
1236.0,16.0,320.5,233.5,615.0,453.0,6.0,0.0,0.0,0.5045026540756226
1239.0,16.0,319.5,235.0,615.0,456.0,6.0,0.0,0.0,0.38935014605522156
1240.0,16.0,320.5,234.5,615.0,457.0,6.0,0.0,0.0,0.3084143400192261
1241.0,21.0,138.0,238.0,132.0,194.0,67.0,0.0,0.0,0.3478141725063324
1250.0,16.0,341.5,168.0,447.0,316.0,6.0,0.0,0.0,0.43300583958625793
1251.0,22.0,102.0,222.0,58.0,100.0,0.0,0.0,0.0,0.3476729393005371
1252.0,22.0,110.5,221.0,51.0,102.0,0.0,0.0,0.0,0.3910102844238281
1254.0,22.0,126.0,236.0,48.0,122.0,0.0,0.0,0.0,0.3619438111782074
1257.0,22.0,159.0,248.5,52.0,163.0,0.0,0.0,0.0,0.5893301367759705
1258.0,22.0,158.0,244.5,54.0,151.0,0.0,0.0,0.0,0.7068663239479065
1258.0,16.0,396.5,168.0,451.0,322.0,6.0,0.0,0.0,0.46205416321754456
1259.0,22.0,171.5,240.0,49.0,146.0,0.0,0.0,0.0,0.6391798853874207
1259.0,16.0,405.0,170.0,444.0,324.0,6.0,0.0,0.0,0.4003138244152069
1260.0,22.0,176.0,239.0,50.0,154.0,0.0,0.0,0.0,0.7136241793632507
1260.0,16.0,406.5,173.0,441.0,332.0,6.0,0.0,0.0,0.4363231658935547
1261.0,22.0,180.0,239.0,50.0,158.0,0.0,0.0,0.0,0.6636188626289368
1262.0,22.0,185.0,229.5,46.0,135.0,0.0,0.0,0.0,0.7020310163497925
1263.0,22.0,189.5,243.0,49.0,164.0,0.0,0.0,0.0,0.7372682690620422
1264.0,22.0,195.5,241.5,53.0,157.0,0.0,0.0,0.0,0.7720842361450195
1265.0,22.0,199.5,235.5,53.0,143.0,0.0,0.0,0.0,0.7533860802650452
1266.0,22.0,203.0,239.5,54.0,143.0,0.0,0.0,0.0,0.7754828929901123
1267.0,22.0,204.0,244.0,60.0,156.0,0.0,0.0,0.0,0.6379566192626953
1267.0,23.0,294.0,260.5,142.0,301.0,67.0,0.0,0.0,0.5635656118392944
1268.0,22.0,203.0,242.0,62.0,154.0,0.0,0.0,0.0,0.731463611125946
1269.0,23.0,298.5,216.0,135.0,218.0,67.0,0.0,0.0,0.30842047929763794
1271.0,23.0,300.5,215.0,133.0,212.0,67.0,0.0,0.0,0.5464115142822266
1288.0,24.0,281.0,260.5,142.0,303.0,72.0,0.0,0.0,0.4193948209285736
1291.0,23.0,282.0,219.5,136.0,223.0,67.0,0.0,0.0,0.4393131732940674
1295.0,17.0,363.5,240.0,47.0,134.0,0.0,0.0,0.0,0.5904643535614014
1296.0,17.0,366.5,245.0,55.0,148.0,0.0,0.0,0.0,0.5804997682571411
1297.0,17.0,372.0,252.5,64.0,161.0,0.0,0.0,0.0,0.6175437569618225
1298.0,17.0,379.0,240.0,58.0,140.0,0.0,0.0,0.0,0.7373669743537903
1299.0,17.0,385.5,244.0,51.0,156.0,0.0,0.0,0.0,0.7383163571357727
1300.0,17.0,390.5,235.5,53.0,135.0,0.0,0.0,0.0,0.7388684153556824
1301.0,17.0,394.5,238.0,55.0,134.0,0.0,0.0,0.0,0.800929069519043
1302.0,17.0,399.0,239.5,56.0,145.0,0.0,0.0,0.0,0.8077750205993652
1303.0,17.0,404.5,250.0,63.0,162.0,0.0,0.0,0.0,0.8346860408782959
1304.0,17.0,410.5,251.5,79.0,163.0,0.0,0.0,0.0,0.8797007203102112
1305.0,17.0,416.0,253.5,92.0,163.0,0.0,0.0,0.0,0.8801392316818237
1306.0,17.0,422.5,255.0,93.0,158.0,0.0,0.0,0.0,0.8166725635528564
1306.0,16.0,306.0,236.0,594.0,456.0,6.0,0.0,0.0,0.37151598930358887
1307.0,17.0,421.0,257.5,102.0,155.0,0.0,0.0,0.0,0.8834944367408752
1308.0,17.0,423.5,258.0,99.0,156.0,0.0,0.0,0.0,0.8367097973823547
1309.0,17.0,431.5,258.0,103.0,158.0,0.0,0.0,0.0,0.8707286715507507
1310.0,17.0,435.5,259.0,95.0,156.0,0.0,0.0,0.0,0.9108706712722778
1311.0,17.0,447.0,260.0,98.0,156.0,0.0,0.0,0.0,0.8415200114250183
1312.0,17.0,464.5,259.0,71.0,158.0,0.0,0.0,0.0,0.8326859474182129
1313.0,17.0,475.0,259.5,60.0,155.0,0.0,0.0,0.0,0.8799471855163574
1314.0,17.0,482.0,256.5,70.0,161.0,0.0,0.0,0.0,0.8443088531494141
1315.0,17.0,486.0,254.0,72.0,164.0,0.0,0.0,0.0,0.8795905113220215
1316.0,17.0,491.5,252.5,77.0,167.0,0.0,0.0,0.0,0.8765991926193237
1317.0,17.0,504.5,248.5,79.0,165.0,0.0,0.0,0.0,0.8605692386627197
1317.0,25.0,508.0,231.5,38.0,73.0,26.0,0.0,0.0,0.3336910903453827
1318.0,17.0,503.0,248.5,82.0,167.0,0.0,0.0,0.0,0.8814354538917542
1319.0,17.0,518.5,259.5,67.0,155.0,0.0,0.0,0.0,0.8826220631599426
1320.0,17.0,530.5,260.5,59.0,157.0,0.0,0.0,0.0,0.7924570441246033
1321.0,17.0,530.0,259.5,60.0,157.0,0.0,0.0,0.0,0.8206250071525574
1322.0,17.0,548.5,263.0,55.0,154.0,0.0,0.0,0.0,0.7399749755859375
1323.0,17.0,548.5,260.5,59.0,157.0,0.0,0.0,0.0,0.8000046014785767
1324.0,17.0,551.0,259.5,66.0,157.0,0.0,0.0,0.0,0.8570594191551208
1325.0,17.0,558.0,257.5,78.0,159.0,0.0,0.0,0.0,0.8791544437408447
1326.0,17.0,565.5,258.0,89.0,158.0,0.0,0.0,0.0,0.9022714495658875
1327.0,17.0,568.0,261.0,88.0,156.0,0.0,0.0,0.0,0.8961976170539856
1327.0,16.0,291.5,224.5,563.0,433.0,6.0,0.0,0.0,0.372913658618927
1328.0,17.0,568.0,261.0,90.0,156.0,0.0,0.0,0.0,0.8944149017333984
1329.0,17.0,569.0,264.0,84.0,156.0,0.0,0.0,0.0,0.8950934410095215
1330.0,17.0,586.5,265.5,43.0,153.0,0.0,0.0,0.0,0.718405544757843
1331.0,17.0,581.0,267.0,54.0,152.0,0.0,0.0,0.0,0.7990602254867554
1331.0,16.0,282.5,167.0,545.0,316.0,6.0,0.0,0.0,0.3921126425266266
1332.0,17.0,587.0,267.5,46.0,153.0,0.0,0.0,0.0,0.8517333269119263
1333.0,17.0,586.0,265.0,52.0,156.0,0.0,0.0,0.0,0.8680171370506287
1334.0,17.0,585.0,266.0,58.0,156.0,0.0,0.0,0.0,0.8612760901451111
1335.0,17.0,584.5,264.0,61.0,154.0,0.0,0.0,0.0,0.840725839138031
1336.0,17.0,586.5,266.5,67.0,153.0,0.0,0.0,0.0,0.8946821689605713
1337.0,17.0,587.5,265.0,71.0,152.0,0.0,0.0,0.0,0.8906741738319397
1338.0,17.0,586.0,268.0,66.0,150.0,0.0,0.0,0.0,0.8437814712524414
1339.0,17.0,584.0,272.0,62.0,158.0,0.0,0.0,0.0,0.8135617971420288
1340.0,17.0,584.5,277.0,49.0,148.0,0.0,0.0,0.0,0.8631882667541504
1340.0,16.0,247.0,172.0,470.0,328.0,6.0,0.0,0.0,0.4041794240474701
1341.0,17.0,585.5,276.5,49.0,151.0,0.0,0.0,0.0,0.8697397708892822
1342.0,17.0,586.5,277.5,57.0,147.0,0.0,0.0,0.0,0.8099809288978577
1342.0,19.0,238.0,167.5,452.0,317.0,5.0,0.0,0.0,0.3411127030849457
1343.0,17.0,584.5,278.0,59.0,144.0,0.0,0.0,0.0,0.8650127053260803
1344.0,17.0,577.5,276.5,59.0,149.0,0.0,0.0,0.0,0.8394784331321716
1344.0,16.0,230.5,168.5,439.0,319.0,6.0,0.0,0.0,0.3186594843864441
1345.0,17.0,572.5,277.5,69.0,147.0,0.0,0.0,0.0,0.8875682353973389
1346.0,17.0,570.5,277.0,75.0,148.0,0.0,0.0,0.0,0.8951241970062256
1347.0,17.0,569.0,278.5,76.0,147.0,0.0,0.0,0.0,0.8980054259300232
1348.0,17.0,566.0,281.5,72.0,151.0,0.0,0.0,0.0,0.8521798849105835
1348.0,16.0,321.5,234.5,611.0,455.0,6.0,0.0,0.0,0.3518563210964203
1349.0,17.0,563.5,282.5,71.0,151.0,0.0,0.0,0.0,0.8451288938522339
1350.0,17.0,560.5,283.5,55.0,149.0,0.0,0.0,0.0,0.8115679621696472
1351.0,17.0,560.5,289.0,53.0,140.0,0.0,0.0,0.0,0.8606268167495728
1352.0,17.0,561.0,288.5,48.0,137.0,0.0,0.0,0.0,0.872220516204834
1353.0,17.0,557.0,289.5,54.0,137.0,0.0,0.0,0.0,0.8611878752708435
1354.0,17.0,552.0,288.0,60.0,140.0,0.0,0.0,0.0,0.8750008940696716
1355.0,17.0,552.5,289.0,65.0,138.0,0.0,0.0,0.0,0.8680005073547363
1356.0,17.0,553.5,289.5,67.0,139.0,0.0,0.0,0.0,0.8627443909645081
1357.0,17.0,553.5,289.0,65.0,134.0,0.0,0.0,0.0,0.8787474036216736
1358.0,17.0,550.5,295.5,59.0,137.0,0.0,0.0,0.0,0.8425660729408264
1359.0,17.0,552.0,297.0,46.0,136.0,0.0,0.0,0.0,0.8504071235656738
1360.0,17.0,552.0,295.5,46.0,133.0,0.0,0.0,0.0,0.8362062573432922
1361.0,17.0,550.0,295.0,48.0,136.0,0.0,0.0,0.0,0.8308296799659729
1362.0,17.0,546.0,292.5,58.0,137.0,0.0,0.0,0.0,0.856613278388977
1363.0,17.0,545.5,293.5,61.0,137.0,0.0,0.0,0.0,0.8573818802833557
1363.0,26.0,593.0,270.5,48.0,21.0,38.0,0.0,0.0,0.44019564986228943
1364.0,17.0,547.0,288.0,74.0,134.0,0.0,0.0,0.0,0.8828055262565613
1365.0,17.0,547.5,288.5,73.0,131.0,0.0,0.0,0.0,0.659359335899353
1366.0,17.0,547.5,286.0,75.0,132.0,0.0,0.0,0.0,0.7750556468963623
1367.0,17.0,543.5,287.0,69.0,128.0,0.0,0.0,0.0,0.6564309597015381
1368.0,17.0,541.0,288.5,58.0,133.0,0.0,0.0,0.0,0.8635855913162231
1369.0,17.0,540.5,292.0,49.0,126.0,0.0,0.0,0.0,0.8521485328674316
1370.0,17.0,539.5,290.5,49.0,129.0,0.0,0.0,0.0,0.8594335913658142
1371.0,17.0,535.0,291.5,48.0,127.0,0.0,0.0,0.0,0.865229070186615
1372.0,17.0,533.0,290.5,52.0,131.0,0.0,0.0,0.0,0.8563835024833679
1373.0,17.0,532.0,288.0,56.0,128.0,0.0,0.0,0.0,0.6843483448028564
1374.0,17.0,529.5,286.5,57.0,125.0,0.0,0.0,0.0,0.8730006217956543
1375.0,17.0,533.0,286.0,52.0,128.0,0.0,0.0,0.0,0.8520735502243042
1376.0,17.0,532.5,287.5,47.0,125.0,0.0,0.0,0.0,0.85356205701828
1377.0,17.0,530.0,289.0,42.0,116.0,0.0,0.0,0.0,0.7452307343482971
1378.0,17.0,528.0,291.0,40.0,120.0,0.0,0.0,0.0,0.7947234511375427
1379.0,17.0,526.5,288.5,43.0,119.0,0.0,0.0,0.0,0.8449008464813232
1380.0,17.0,523.5,289.0,43.0,122.0,0.0,0.0,0.0,0.8210051655769348
1381.0,17.0,521.5,286.0,55.0,126.0,0.0,0.0,0.0,0.859214186668396
1382.0,17.0,521.0,287.5,60.0,125.0,0.0,0.0,0.0,0.8845484256744385
1383.0,17.0,518.0,283.5,62.0,119.0,0.0,0.0,0.0,0.9043762683868408
1384.0,17.0,518.0,286.0,60.0,118.0,0.0,0.0,0.0,0.8917832970619202
1385.0,17.0,514.5,287.5,51.0,111.0,0.0,0.0,0.0,0.8536661267280579
1386.0,17.0,514.5,288.5,45.0,113.0,0.0,0.0,0.0,0.8422715067863464
1387.0,17.0,512.0,288.5,44.0,113.0,0.0,0.0,0.0,0.8542991876602173
1388.0,17.0,506.5,289.0,45.0,114.0,0.0,0.0,0.0,0.8798714280128479
1389.0,17.0,498.5,287.5,45.0,115.0,0.0,0.0,0.0,0.8650703430175781
1390.0,17.0,487.0,285.5,44.0,113.0,0.0,0.0,0.0,0.858009934425354
1391.0,17.0,484.0,285.0,44.0,110.0,0.0,0.0,0.0,0.8196543455123901
1392.0,17.0,479.5,284.0,45.0,108.0,0.0,0.0,0.0,0.7779644727706909
1393.0,17.0,476.0,286.0,44.0,106.0,0.0,0.0,0.0,0.8680626749992371
1393.0,17.0,613.5,282.0,15.0,42.0,0.0,0.0,0.0,0.36806005239486694
1394.0,17.0,473.5,287.0,43.0,104.0,0.0,0.0,0.0,0.829628050327301
1395.0,17.0,469.0,286.5,42.0,105.0,0.0,0.0,0.0,0.8300617933273315
1396.0,17.0,460.5,285.5,41.0,101.0,0.0,0.0,0.0,0.7849791049957275
1397.0,17.0,454.5,285.5,43.0,103.0,0.0,0.0,0.0,0.831061601638794
1398.0,17.0,449.0,286.5,42.0,103.0,0.0,0.0,0.0,0.8338621258735657
1398.0,17.0,608.5,276.0,37.0,60.0,0.0,0.0,0.0,0.3263847529888153
1399.0,17.0,444.5,288.0,45.0,106.0,0.0,0.0,0.0,0.8780936598777771
1399.0,17.0,602.0,278.5,38.0,55.0,0.0,0.0,0.0,0.3181566298007965
1400.0,17.0,435.0,285.0,40.0,102.0,0.0,0.0,0.0,0.8744122385978699
1401.0,17.0,429.0,287.5,40.0,103.0,0.0,0.0,0.0,0.8487152457237244
1401.0,17.0,584.0,278.0,38.0,54.0,0.0,0.0,0.0,0.43181112408638
1402.0,17.0,423.5,290.5,41.0,101.0,0.0,0.0,0.0,0.8884679675102234
1402.0,17.0,541.0,285.0,14.0,40.0,0.0,0.0,0.0,0.35206103324890137
1403.0,17.0,419.0,290.5,42.0,101.0,0.0,0.0,0.0,0.8783988356590271
1403.0,17.0,534.5,285.5,15.0,41.0,0.0,0.0,0.0,0.5205241441726685
1404.0,17.0,407.0,291.0,46.0,100.0,0.0,0.0,0.0,0.8435046076774597
1404.0,17.0,562.0,280.0,36.0,56.0,0.0,0.0,0.0,0.3213859498500824
1405.0,17.0,405.5,288.5,43.0,101.0,0.0,0.0,0.0,0.8640026450157166
1406.0,17.0,391.0,288.5,42.0,99.0,0.0,0.0,0.0,0.8653016686439514
1406.0,17.0,547.0,279.0,34.0,56.0,0.0,0.0,0.0,0.3819860517978668
1407.0,17.0,385.5,287.0,43.0,100.0,0.0,0.0,0.0,0.8659725189208984
1407.0,17.0,501.0,288.0,14.0,40.0,0.0,0.0,0.0,0.37635338306427
1408.0,17.0,384.5,286.0,41.0,100.0,0.0,0.0,0.0,0.8564572930335999
1408.0,17.0,542.5,280.5,35.0,57.0,0.0,0.0,0.0,0.39751189947128296
1408.0,17.0,501.5,287.0,15.0,40.0,0.0,0.0,0.0,0.3444671332836151
1409.0,17.0,374.0,288.0,42.0,94.0,0.0,0.0,0.0,0.8583106398582458
1410.0,17.0,367.5,287.0,43.0,92.0,0.0,0.0,0.0,0.8596379160881042
1411.0,17.0,318.0,290.5,40.0,93.0,0.0,0.0,0.0,0.8176220059394836
1411.0,17.0,359.0,289.0,48.0,96.0,0.0,0.0,0.0,0.6912255883216858
1412.0,17.0,312.5,288.0,41.0,88.0,0.0,0.0,0.0,0.8215702176094055
1412.0,17.0,355.0,291.0,44.0,94.0,0.0,0.0,0.0,0.6306410431861877
1412.0,17.0,436.0,285.0,14.0,36.0,0.0,0.0,0.0,0.40299955010414124
1413.0,17.0,307.5,291.0,37.0,92.0,0.0,0.0,0.0,0.8187469840049744
1413.0,17.0,345.5,284.0,45.0,106.0,0.0,0.0,0.0,0.3651185631752014
1414.0,17.0,307.5,288.5,37.0,89.0,0.0,0.0,0.0,0.8422058820724487
1414.0,17.0,340.0,284.5,38.0,101.0,0.0,0.0,0.0,0.6602017283439636
1414.0,17.0,433.5,284.5,13.0,37.0,0.0,0.0,0.0,0.336078017950058
1415.0,17.0,304.0,287.0,38.0,86.0,0.0,0.0,0.0,0.8586335182189941
1415.0,17.0,432.0,286.0,14.0,40.0,0.0,0.0,0.0,0.6469898819923401
1416.0,17.0,293.5,288.5,35.0,93.0,0.0,0.0,0.0,0.8136285543441772
1416.0,17.0,327.5,287.0,39.0,94.0,0.0,0.0,0.0,0.40391743183135986
1417.0,17.0,293.0,289.0,36.0,92.0,0.0,0.0,0.0,0.8240880966186523
1417.0,17.0,321.5,289.0,35.0,94.0,0.0,0.0,0.0,0.5250406265258789
1418.0,17.0,287.0,288.0,36.0,90.0,0.0,0.0,0.0,0.8343665599822998
1418.0,17.0,314.5,290.0,31.0,96.0,0.0,0.0,0.0,0.5321605205535889
1419.0,17.0,281.5,288.0,35.0,90.0,0.0,0.0,0.0,0.8548688292503357
1419.0,17.0,311.0,290.0,34.0,88.0,0.0,0.0,0.0,0.594673216342926
1420.0,17.0,278.0,286.5,36.0,87.0,0.0,0.0,0.0,0.8623522520065308
1420.0,17.0,304.5,287.0,31.0,92.0,0.0,0.0,0.0,0.7821757197380066
1420.0,17.0,415.0,285.0,12.0,36.0,0.0,0.0,0.0,0.4276356101036072
1421.0,17.0,277.0,288.0,36.0,86.0,0.0,0.0,0.0,0.8462377786636353
1422.0,17.0,275.0,289.0,36.0,86.0,0.0,0.0,0.0,0.8378959894180298
1422.0,17.0,300.0,287.5,30.0,93.0,0.0,0.0,0.0,0.42523443698883057
1423.0,17.0,274.0,290.0,34.0,84.0,0.0,0.0,0.0,0.8578239679336548
1423.0,17.0,412.5,286.5,13.0,39.0,0.0,0.0,0.0,0.3860172927379608
1424.0,17.0,275.0,290.0,36.0,86.0,0.0,0.0,0.0,0.8339948654174805
1424.0,17.0,413.5,288.0,13.0,40.0,0.0,0.0,0.0,0.6874058246612549
1425.0,17.0,272.5,289.0,37.0,88.0,0.0,0.0,0.0,0.8045666813850403
1425.0,17.0,410.0,288.5,14.0,41.0,0.0,0.0,0.0,0.6603840589523315
1426.0,17.0,271.0,288.5,36.0,89.0,0.0,0.0,0.0,0.8232978582382202
1426.0,17.0,410.5,287.0,13.0,38.0,0.0,0.0,0.0,0.5345547199249268
1427.0,17.0,271.5,288.0,35.0,88.0,0.0,0.0,0.0,0.8497464060783386
1427.0,17.0,412.5,289.5,13.0,41.0,0.0,0.0,0.0,0.6831188201904297
1428.0,17.0,271.0,289.0,34.0,88.0,0.0,0.0,0.0,0.8415820002555847
1428.0,17.0,412.5,289.0,13.0,40.0,0.0,0.0,0.0,0.5960479974746704
1429.0,17.0,272.0,290.0,36.0,88.0,0.0,0.0,0.0,0.8503153920173645
1429.0,17.0,463.5,284.0,45.0,56.0,0.0,0.0,0.0,0.422073632478714
1429.0,17.0,414.0,292.5,14.0,41.0,0.0,0.0,0.0,0.41943761706352234
1430.0,17.0,269.0,289.5,34.0,85.0,0.0,0.0,0.0,0.8711678981781006
1430.0,17.0,413.0,291.0,14.0,42.0,0.0,0.0,0.0,0.4684416651725769
1430.0,17.0,466.0,283.0,38.0,54.0,0.0,0.0,0.0,0.31924647092819214
1431.0,17.0,266.0,289.5,36.0,89.0,0.0,0.0,0.0,0.849800705909729
1431.0,17.0,411.5,290.5,13.0,39.0,0.0,0.0,0.0,0.3752270042896271
1432.0,17.0,262.5,290.5,35.0,87.0,0.0,0.0,0.0,0.8347905874252319
1432.0,17.0,410.0,290.5,14.0,41.0,0.0,0.0,0.0,0.4768921434879303
1433.0,17.0,261.0,290.5,34.0,85.0,0.0,0.0,0.0,0.8480344414710999
1433.0,17.0,410.0,289.5,14.0,43.0,0.0,0.0,0.0,0.5860888957977295
1434.0,17.0,260.5,290.0,33.0,80.0,0.0,0.0,0.0,0.8654900193214417
1434.0,27.0,545.0,290.5,70.0,33.0,2.0,0.0,0.0,0.45274481177330017
1434.0,17.0,410.0,289.5,16.0,45.0,0.0,0.0,0.0,0.30335789918899536
1435.0,17.0,260.5,291.5,33.0,83.0,0.0,0.0,0.0,0.8751047253608704
1435.0,27.0,545.5,291.0,73.0,30.0,2.0,0.0,0.0,0.5039734244346619
1435.0,17.0,410.5,290.0,15.0,46.0,0.0,0.0,0.0,0.3843386769294739
1436.0,17.0,262.0,289.5,32.0,89.0,0.0,0.0,0.0,0.8268778324127197
1436.0,17.0,465.5,281.5,41.0,55.0,0.0,0.0,0.0,0.5909125804901123
1437.0,17.0,262.0,289.5,32.0,85.0,0.0,0.0,0.0,0.8379153609275818
1438.0,17.0,262.0,289.5,32.0,85.0,0.0,0.0,0.0,0.8438056707382202
1438.0,17.0,287.0,277.0,14.0,44.0,0.0,0.0,0.0,0.3088397681713104
1439.0,17.0,262.5,290.0,33.0,86.0,0.0,0.0,0.0,0.8512798547744751
1439.0,17.0,469.0,280.5,40.0,57.0,0.0,0.0,0.0,0.4084485173225403
1439.0,17.0,414.5,288.0,17.0,46.0,0.0,0.0,0.0,0.33097124099731445
1440.0,17.0,262.5,288.5,31.0,83.0,0.0,0.0,0.0,0.8565830588340759
1440.0,17.0,417.0,287.0,14.0,42.0,0.0,0.0,0.0,0.589047372341156
1441.0,17.0,262.0,288.5,32.0,81.0,0.0,0.0,0.0,0.8772162199020386
1442.0,17.0,260.5,288.0,33.0,78.0,0.0,0.0,0.0,0.8924395442008972
1442.0,17.0,415.5,288.0,13.0,44.0,0.0,0.0,0.0,0.6431161165237427
1443.0,17.0,261.0,288.0,32.0,80.0,0.0,0.0,0.0,0.8661810159683228
1443.0,17.0,416.0,287.0,14.0,38.0,0.0,0.0,0.0,0.661224365234375
1444.0,17.0,261.0,288.5,32.0,77.0,0.0,0.0,0.0,0.8628670573234558
1444.0,17.0,417.0,290.0,14.0,44.0,0.0,0.0,0.0,0.3606915771961212
1445.0,17.0,261.0,287.5,32.0,79.0,0.0,0.0,0.0,0.8071651458740234
1445.0,17.0,417.0,289.0,14.0,42.0,0.0,0.0,0.0,0.5628176927566528
1445.0,27.0,552.5,289.5,69.0,27.0,2.0,0.0,0.0,0.549346923828125
1445.0,17.0,474.5,281.0,37.0,58.0,0.0,0.0,0.0,0.38114914298057556
1446.0,17.0,260.5,288.5,31.0,81.0,0.0,0.0,0.0,0.8505954742431641
1446.0,17.0,417.0,288.5,16.0,39.0,0.0,0.0,0.0,0.3793419301509857
1446.0,17.0,297.0,275.0,12.0,44.0,0.0,0.0,0.0,0.3207145035266876
1447.0,17.0,260.0,289.0,32.0,82.0,0.0,0.0,0.0,0.8508110642433167
1447.0,17.0,417.5,288.5,15.0,39.0,0.0,0.0,0.0,0.6514055728912354
1447.0,17.0,297.5,275.0,13.0,44.0,0.0,0.0,0.0,0.3778996765613556
1448.0,17.0,260.5,288.0,31.0,78.0,0.0,0.0,0.0,0.8528074622154236
1448.0,17.0,418.5,290.0,17.0,42.0,0.0,0.0,0.0,0.5985227227210999
1449.0,17.0,259.5,289.5,31.0,77.0,0.0,0.0,0.0,0.8787259459495544
1449.0,17.0,418.5,290.0,15.0,42.0,0.0,0.0,0.0,0.6230050921440125
1450.0,17.0,260.0,288.5,32.0,77.0,0.0,0.0,0.0,0.8525769710540771
1450.0,17.0,418.5,288.5,15.0,39.0,0.0,0.0,0.0,0.6051323413848877
1450.0,27.0,557.5,292.0,73.0,30.0,2.0,0.0,0.0,0.363282173871994
1451.0,17.0,259.0,290.0,32.0,80.0,0.0,0.0,0.0,0.819071352481842
1451.0,17.0,418.0,290.0,14.0,40.0,0.0,0.0,0.0,0.7050351500511169
1452.0,17.0,258.0,290.5,30.0,77.0,0.0,0.0,0.0,0.8314783573150635
1452.0,17.0,417.5,290.0,13.0,40.0,0.0,0.0,0.0,0.6555454134941101
1452.0,17.0,298.5,276.0,13.0,46.0,0.0,0.0,0.0,0.33428439497947693
1453.0,17.0,256.0,292.5,30.0,75.0,0.0,0.0,0.0,0.8322637677192688
1453.0,17.0,417.0,290.5,14.0,39.0,0.0,0.0,0.0,0.6742622256278992
1453.0,17.0,298.5,277.5,13.0,45.0,0.0,0.0,0.0,0.3710878789424896
1454.0,17.0,253.5,293.0,31.0,72.0,0.0,0.0,0.0,0.8421208262443542
1454.0,17.0,416.5,290.5,13.0,39.0,0.0,0.0,0.0,0.6207504868507385
1454.0,17.0,472.0,283.0,24.0,56.0,0.0,0.0,0.0,0.321110337972641
1455.0,17.0,251.0,294.0,28.0,74.0,0.0,0.0,0.0,0.8144945502281189
1455.0,17.0,415.0,291.0,14.0,40.0,0.0,0.0,0.0,0.5554403066635132
1456.0,17.0,250.0,293.0,28.0,78.0,0.0,0.0,0.0,0.8148008584976196
1456.0,17.0,415.5,292.5,13.0,39.0,0.0,0.0,0.0,0.4987974464893341
1456.0,27.0,556.0,294.5,70.0,29.0,2.0,0.0,0.0,0.4269183278083801
1457.0,17.0,250.0,292.5,28.0,81.0,0.0,0.0,0.0,0.8110936284065247
1457.0,17.0,417.0,292.5,14.0,43.0,0.0,0.0,0.0,0.6093519926071167
1458.0,17.0,251.0,291.5,28.0,79.0,0.0,0.0,0.0,0.8349181413650513
1458.0,17.0,418.0,287.5,14.0,39.0,0.0,0.0,0.0,0.5933127999305725
1459.0,17.0,245.0,291.0,28.0,78.0,0.0,0.0,0.0,0.7730053663253784
1459.0,17.0,419.0,289.5,14.0,43.0,0.0,0.0,0.0,0.6776865124702454
1459.0,27.0,560.5,291.5,69.0,31.0,2.0,0.0,0.0,0.3977128863334656
1460.0,17.0,243.5,291.5,23.0,75.0,0.0,0.0,0.0,0.8112550973892212
1460.0,17.0,420.5,290.0,13.0,46.0,0.0,0.0,0.0,0.649067759513855
1460.0,27.0,561.5,291.5,69.0,29.0,2.0,0.0,0.0,0.5120988488197327
1461.0,17.0,244.5,291.0,23.0,74.0,0.0,0.0,0.0,0.7857534289360046
1461.0,17.0,422.0,290.0,14.0,44.0,0.0,0.0,0.0,0.5870091319084167
1462.0,17.0,245.5,291.0,25.0,72.0,0.0,0.0,0.0,0.8041626811027527
1462.0,17.0,422.0,291.0,14.0,42.0,0.0,0.0,0.0,0.4185802638530731
1462.0,27.0,562.0,288.0,68.0,20.0,2.0,0.0,0.0,0.34095069766044617
1462.0,17.0,301.0,278.0,14.0,46.0,0.0,0.0,0.0,0.3038799464702606
1463.0,17.0,243.5,292.5,25.0,71.0,0.0,0.0,0.0,0.8066107034683228
1463.0,17.0,422.0,293.0,14.0,44.0,0.0,0.0,0.0,0.3602257966995239
1464.0,17.0,243.5,293.5,23.0,71.0,0.0,0.0,0.0,0.8489024043083191
1464.0,17.0,421.5,291.0,13.0,42.0,0.0,0.0,0.0,0.4440371096134186
1464.0,17.0,484.0,285.5,38.0,59.0,0.0,0.0,0.0,0.4429889917373657
1465.0,17.0,237.0,296.5,26.0,63.0,0.0,0.0,0.0,0.8044613003730774
1465.0,17.0,417.0,295.5,14.0,43.0,0.0,0.0,0.0,0.6698632836341858
1466.0,17.0,235.0,298.5,28.0,67.0,0.0,0.0,0.0,0.819691002368927
1466.0,17.0,415.0,294.0,14.0,40.0,0.0,0.0,0.0,0.4886738061904907
1467.0,17.0,235.0,297.5,28.0,63.0,0.0,0.0,0.0,0.7934593558311462
1467.0,17.0,478.0,283.5,36.0,47.0,0.0,0.0,0.0,0.40363362431526184
1467.0,17.0,414.5,295.5,15.0,43.0,0.0,0.0,0.0,0.31603777408599854
1468.0,17.0,235.5,299.0,29.0,68.0,0.0,0.0,0.0,0.7723573446273804
1468.0,17.0,413.5,294.0,13.0,38.0,0.0,0.0,0.0,0.4008537828922272
1469.0,17.0,235.5,296.5,27.0,67.0,0.0,0.0,0.0,0.799958348274231
1469.0,17.0,417.0,292.0,16.0,42.0,0.0,0.0,0.0,0.5344628095626831
1470.0,17.0,235.5,295.0,27.0,68.0,0.0,0.0,0.0,0.8313686847686768
1471.0,17.0,237.0,297.0,26.0,74.0,0.0,0.0,0.0,0.7826290726661682
1471.0,17.0,417.0,297.0,12.0,44.0,0.0,0.0,0.0,0.6174025535583496
1472.0,17.0,236.0,296.5,26.0,69.0,0.0,0.0,0.0,0.7686936855316162
1472.0,17.0,480.5,285.0,37.0,56.0,0.0,0.0,0.0,0.38515931367874146
1472.0,17.0,416.0,294.5,14.0,39.0,0.0,0.0,0.0,0.3488527536392212
1472.0,17.0,297.5,274.5,13.0,29.0,0.0,0.0,0.0,0.33384957909584045
1473.0,17.0,233.5,298.5,27.0,71.0,0.0,0.0,0.0,0.7954870462417603
1473.0,17.0,413.0,296.5,12.0,41.0,0.0,0.0,0.0,0.6140409708023071
1474.0,17.0,229.0,298.0,26.0,66.0,0.0,0.0,0.0,0.7734470367431641
1474.0,17.0,411.0,295.0,14.0,40.0,0.0,0.0,0.0,0.3198469579219818
1475.0,17.0,228.5,299.0,27.0,70.0,0.0,0.0,0.0,0.8140904903411865
1475.0,17.0,410.5,294.0,13.0,40.0,0.0,0.0,0.0,0.4879530072212219
1476.0,17.0,229.0,298.5,26.0,69.0,0.0,0.0,0.0,0.8165769577026367
1476.0,17.0,410.0,296.0,14.0,40.0,0.0,0.0,0.0,0.4317813217639923
1477.0,17.0,228.0,299.0,24.0,64.0,0.0,0.0,0.0,0.8093640804290771
1477.0,17.0,411.0,296.5,18.0,43.0,0.0,0.0,0.0,0.6946462392807007
1478.0,17.0,228.0,300.0,22.0,66.0,0.0,0.0,0.0,0.7901166081428528
1478.0,17.0,409.0,296.0,14.0,40.0,0.0,0.0,0.0,0.41483017802238464
1479.0,17.0,227.0,298.0,22.0,68.0,0.0,0.0,0.0,0.779059112071991
1480.0,17.0,228.0,297.5,24.0,67.0,0.0,0.0,0.0,0.8320896029472351
1480.0,17.0,405.0,299.0,14.0,46.0,0.0,0.0,0.0,0.44398197531700134
1481.0,17.0,228.0,297.0,24.0,68.0,0.0,0.0,0.0,0.8075281977653503
1481.0,17.0,404.5,295.0,17.0,40.0,0.0,0.0,0.0,0.4862762689590454
1482.0,17.0,228.5,297.0,23.0,70.0,0.0,0.0,0.0,0.7813007831573486
1482.0,17.0,406.5,296.5,15.0,43.0,0.0,0.0,0.0,0.6804845333099365
1483.0,17.0,231.5,298.0,27.0,68.0,0.0,0.0,0.0,0.8109235167503357
1483.0,17.0,406.0,296.5,14.0,41.0,0.0,0.0,0.0,0.6642650365829468
1484.0,17.0,227.5,298.5,23.0,67.0,0.0,0.0,0.0,0.8082491159439087
1484.0,17.0,405.0,297.0,14.0,40.0,0.0,0.0,0.0,0.7085880041122437
1484.0,28.0,107.0,285.5,30.0,85.0,0.0,0.0,0.0,0.42869800329208374
1484.0,27.0,551.5,296.0,69.0,28.0,2.0,0.0,0.0,0.32258620858192444
1485.0,17.0,226.5,300.5,23.0,61.0,0.0,0.0,0.0,0.8322761654853821
1485.0,17.0,402.5,296.0,17.0,42.0,0.0,0.0,0.0,0.5848895311355591
1486.0,17.0,225.0,300.5,26.0,61.0,0.0,0.0,0.0,0.84372478723526
1486.0,17.0,401.0,297.0,16.0,40.0,0.0,0.0,0.0,0.5818121433258057
1487.0,17.0,223.5,300.5,27.0,63.0,0.0,0.0,0.0,0.8433380722999573
1487.0,17.0,398.5,297.0,13.0,40.0,0.0,0.0,0.0,0.5618248581886292
1488.0,17.0,222.5,299.5,27.0,67.0,0.0,0.0,0.0,0.822913408279419
1488.0,17.0,398.0,297.0,14.0,40.0,0.0,0.0,0.0,0.4704364240169525
1489.0,17.0,222.5,298.5,27.0,65.0,0.0,0.0,0.0,0.833040177822113
1489.0,17.0,399.0,296.0,16.0,44.0,0.0,0.0,0.0,0.5961419343948364
1489.0,17.0,456.5,298.0,17.0,36.0,0.0,0.0,0.0,0.426347017288208
1490.0,17.0,222.5,299.5,27.0,65.0,0.0,0.0,0.0,0.8170740008354187
1490.0,17.0,397.0,297.0,14.0,40.0,0.0,0.0,0.0,0.6371051073074341
1491.0,17.0,220.5,299.5,25.0,67.0,0.0,0.0,0.0,0.8087906241416931
1491.0,17.0,395.5,297.5,15.0,41.0,0.0,0.0,0.0,0.5208361744880676
1492.0,17.0,219.0,298.5,24.0,67.0,0.0,0.0,0.0,0.8459845781326294
1492.0,17.0,394.0,299.0,14.0,46.0,0.0,0.0,0.0,0.619465172290802
1493.0,17.0,218.5,298.5,23.0,67.0,0.0,0.0,0.0,0.8318066596984863
1493.0,17.0,394.0,297.0,14.0,40.0,0.0,0.0,0.0,0.6526299118995667
1494.0,17.0,217.0,299.0,24.0,66.0,0.0,0.0,0.0,0.8084644675254822
1494.0,17.0,394.0,296.5,16.0,43.0,0.0,0.0,0.0,0.6347760558128357
1495.0,17.0,222.0,297.5,26.0,65.0,0.0,0.0,0.0,0.8252802491188049
1495.0,17.0,396.0,296.0,14.0,44.0,0.0,0.0,0.0,0.6942116618156433
1495.0,27.0,545.0,298.0,74.0,32.0,2.0,0.0,0.0,0.3331831991672516
1496.0,17.0,221.5,296.5,25.0,63.0,0.0,0.0,0.0,0.7891027927398682
1496.0,17.0,396.0,297.0,14.0,42.0,0.0,0.0,0.0,0.45086637139320374
1497.0,17.0,221.5,297.0,25.0,62.0,0.0,0.0,0.0,0.8093149662017822
1497.0,17.0,396.0,298.0,16.0,40.0,0.0,0.0,0.0,0.48756179213523865
1498.0,17.0,219.0,300.5,26.0,61.0,0.0,0.0,0.0,0.7660881280899048
1498.0,17.0,394.0,299.0,14.0,46.0,0.0,0.0,0.0,0.4658765196800232
1499.0,17.0,215.5,301.0,25.0,58.0,0.0,0.0,0.0,0.771461009979248
1499.0,17.0,392.5,300.5,15.0,43.0,0.0,0.0,0.0,0.5201181173324585
1500.0,17.0,211.0,301.5,24.0,65.0,0.0,0.0,0.0,0.7988569140434265
1500.0,17.0,389.5,300.0,15.0,46.0,0.0,0.0,0.0,0.6977125406265259
1501.0,17.0,211.0,302.5,24.0,65.0,0.0,0.0,0.0,0.6234983801841736
1502.0,17.0,208.0,298.0,24.0,64.0,0.0,0.0,0.0,0.7371265888214111
1502.0,17.0,388.0,297.5,14.0,41.0,0.0,0.0,0.0,0.730328381061554
1503.0,17.0,207.5,298.5,25.0,65.0,0.0,0.0,0.0,0.7780590057373047
1503.0,17.0,388.0,297.0,14.0,38.0,0.0,0.0,0.0,0.7423385381698608
1504.0,17.0,205.5,298.5,27.0,63.0,0.0,0.0,0.0,0.7381335496902466
1504.0,17.0,386.0,297.0,14.0,42.0,0.0,0.0,0.0,0.6951762437820435
1505.0,17.0,203.0,296.5,26.0,63.0,0.0,0.0,0.0,0.7584035396575928
1505.0,17.0,385.5,297.0,15.0,40.0,0.0,0.0,0.0,0.6101463437080383
1506.0,17.0,202.0,295.5,30.0,65.0,0.0,0.0,0.0,0.7614806294441223
1506.0,17.0,386.5,295.0,13.0,44.0,0.0,0.0,0.0,0.7061461210250854
1506.0,17.0,445.0,298.0,14.0,40.0,0.0,0.0,0.0,0.39392051100730896
1507.0,17.0,203.5,294.5,27.0,65.0,0.0,0.0,0.0,0.6998172402381897
1507.0,17.0,388.0,294.5,14.0,43.0,0.0,0.0,0.0,0.5274885892868042
1508.0,17.0,202.5,292.0,25.0,60.0,0.0,0.0,0.0,0.7220340371131897
1508.0,17.0,387.5,294.5,15.0,41.0,0.0,0.0,0.0,0.6267890930175781
1509.0,17.0,199.0,294.0,22.0,56.0,0.0,0.0,0.0,0.6949995160102844
1509.0,17.0,385.0,297.0,14.0,44.0,0.0,0.0,0.0,0.6355952024459839
1510.0,17.0,198.5,295.0,23.0,60.0,0.0,0.0,0.0,0.6944139003753662
1510.0,17.0,384.5,295.5,15.0,43.0,0.0,0.0,0.0,0.4700140058994293
1511.0,17.0,195.0,299.0,22.0,58.0,0.0,0.0,0.0,0.687436580657959
1512.0,17.0,378.5,295.0,15.0,48.0,0.0,0.0,0.0,0.7385908365249634
1512.0,17.0,188.0,295.5,22.0,57.0,0.0,0.0,0.0,0.7176801562309265
1512.0,17.0,449.0,290.0,34.0,58.0,0.0,0.0,0.0,0.31351232528686523
1513.0,17.0,378.0,296.0,16.0,42.0,0.0,0.0,0.0,0.7131006717681885
1513.0,17.0,187.5,296.0,23.0,58.0,0.0,0.0,0.0,0.5072887539863586
1514.0,17.0,377.0,296.5,16.0,41.0,0.0,0.0,0.0,0.7228543758392334
1514.0,17.0,185.5,296.5,25.0,63.0,0.0,0.0,0.0,0.6698738932609558
1515.0,17.0,179.5,297.5,27.0,61.0,0.0,0.0,0.0,0.7329400777816772
1515.0,17.0,373.5,298.0,15.0,40.0,0.0,0.0,0.0,0.7222171425819397
1515.0,17.0,436.0,300.0,16.0,36.0,0.0,0.0,0.0,0.32616570591926575
1516.0,17.0,180.0,296.5,28.0,61.0,0.0,0.0,0.0,0.6725935339927673
1516.0,17.0,372.5,299.0,15.0,44.0,0.0,0.0,0.0,0.39551764726638794
1517.0,17.0,175.0,297.5,30.0,65.0,0.0,0.0,0.0,0.707243800163269
1517.0,17.0,370.5,298.5,17.0,45.0,0.0,0.0,0.0,0.38679951429367065
1518.0,17.0,173.0,295.5,32.0,63.0,0.0,0.0,0.0,0.8067004084587097
1518.0,17.0,369.5,298.0,15.0,44.0,0.0,0.0,0.0,0.603236734867096
1519.0,17.0,170.5,296.5,31.0,61.0,0.0,0.0,0.0,0.7722503542900085
1519.0,17.0,369.0,300.5,16.0,43.0,0.0,0.0,0.0,0.5814909934997559
1519.0,27.0,520.5,301.5,71.0,31.0,2.0,0.0,0.0,0.45569533109664917
1520.0,17.0,167.5,295.0,31.0,60.0,0.0,0.0,0.0,0.6548442244529724
1520.0,17.0,369.0,300.5,18.0,43.0,0.0,0.0,0.0,0.32516416907310486
1524.0,17.0,358.0,295.5,16.0,43.0,0.0,0.0,0.0,0.5061030983924866
1525.0,17.0,356.0,296.0,14.0,40.0,0.0,0.0,0.0,0.30928361415863037
1526.0,17.0,356.0,297.0,14.0,42.0,0.0,0.0,0.0,0.38848841190338135
1527.0,17.0,353.0,296.0,14.0,42.0,0.0,0.0,0.0,0.795687735080719
1527.0,28.0,133.5,296.0,27.0,50.0,0.0,0.0,0.0,0.6357526183128357
1528.0,17.0,353.5,297.0,15.0,42.0,0.0,0.0,0.0,0.7462780475616455
1528.0,28.0,133.0,294.0,28.0,52.0,0.0,0.0,0.0,0.590592086315155
1529.0,17.0,356.5,298.0,17.0,48.0,0.0,0.0,0.0,0.5323166251182556
1530.0,17.0,357.5,298.5,15.0,45.0,0.0,0.0,0.0,0.3359171748161316
1531.0,17.0,354.5,296.5,15.0,39.0,0.0,0.0,0.0,0.32943618297576904
1532.0,17.0,352.5,298.5,15.0,41.0,0.0,0.0,0.0,0.7002855539321899
1532.0,27.0,506.5,299.5,73.0,31.0,2.0,0.0,0.0,0.43120989203453064
1533.0,17.0,352.5,298.0,17.0,42.0,0.0,0.0,0.0,0.7174363732337952
1534.0,17.0,353.5,295.0,17.0,40.0,0.0,0.0,0.0,0.6872572898864746
1535.0,17.0,351.5,292.5,15.0,41.0,0.0,0.0,0.0,0.745296835899353
1536.0,17.0,352.5,293.0,15.0,40.0,0.0,0.0,0.0,0.6543004512786865
1537.0,17.0,353.0,292.5,14.0,39.0,0.0,0.0,0.0,0.619785726070404
1538.0,17.0,356.0,295.0,14.0,46.0,0.0,0.0,0.0,0.731775164604187
1539.0,17.0,355.5,294.0,15.0,46.0,0.0,0.0,0.0,0.7562496066093445
1540.0,17.0,355.5,295.0,15.0,42.0,0.0,0.0,0.0,0.754338800907135
1541.0,17.0,354.5,294.0,15.0,40.0,0.0,0.0,0.0,0.5930852890014648
1541.0,27.0,512.0,298.5,72.0,29.0,2.0,0.0,0.0,0.36053523421287537
1542.0,17.0,354.0,293.5,16.0,39.0,0.0,0.0,0.0,0.3469904065132141
1543.0,17.0,352.0,294.0,16.0,42.0,0.0,0.0,0.0,0.740571916103363
1544.0,17.0,351.5,293.0,15.0,42.0,0.0,0.0,0.0,0.5212977528572083
1545.0,17.0,350.0,291.0,16.0,46.0,0.0,0.0,0.0,0.623306393623352
1546.0,17.0,350.0,288.5,14.0,41.0,0.0,0.0,0.0,0.6096512675285339
1547.0,17.0,351.5,288.0,15.0,44.0,0.0,0.0,0.0,0.7423936724662781
1548.0,17.0,353.5,289.0,15.0,44.0,0.0,0.0,0.0,0.5137717127799988
1549.0,17.0,359.0,288.5,14.0,43.0,0.0,0.0,0.0,0.5733354091644287
1550.0,17.0,358.5,288.0,15.0,44.0,0.0,0.0,0.0,0.6788713932037354
1551.0,17.0,361.0,288.0,14.0,40.0,0.0,0.0,0.0,0.6363896131515503
1551.0,17.0,440.5,282.5,15.0,57.0,0.0,0.0,0.0,0.32853204011917114
1552.0,17.0,362.0,288.5,14.0,43.0,0.0,0.0,0.0,0.6807288527488708
1552.0,27.0,525.0,292.5,74.0,29.0,2.0,0.0,0.0,0.3036160469055176
1553.0,17.0,364.5,289.5,15.0,45.0,0.0,0.0,0.0,0.631060779094696
1554.0,17.0,364.0,290.0,14.0,44.0,0.0,0.0,0.0,0.710408627986908
1554.0,27.0,527.5,292.5,73.0,31.0,2.0,0.0,0.0,0.4199736416339874
1555.0,17.0,365.5,287.0,13.0,44.0,0.0,0.0,0.0,0.6243975162506104
1556.0,17.0,367.0,289.0,14.0,46.0,0.0,0.0,0.0,0.5316435694694519
1557.0,17.0,367.0,288.5,14.0,47.0,0.0,0.0,0.0,0.7245437502861023
1558.0,17.0,370.5,289.0,15.0,46.0,0.0,0.0,0.0,0.7000257968902588
1559.0,17.0,370.5,289.0,15.0,44.0,0.0,0.0,0.0,0.6773937940597534
1559.0,27.0,537.5,290.5,71.0,31.0,2.0,0.0,0.0,0.31125348806381226
1560.0,17.0,374.0,289.0,16.0,44.0,0.0,0.0,0.0,0.7102783918380737
1561.0,17.0,374.5,288.5,17.0,45.0,0.0,0.0,0.0,0.7432306408882141
1562.0,17.0,376.0,290.0,16.0,44.0,0.0,0.0,0.0,0.7580407857894897
1563.0,17.0,375.5,292.5,15.0,43.0,0.0,0.0,0.0,0.7183524370193481
1564.0,17.0,375.0,293.0,16.0,42.0,0.0,0.0,0.0,0.6624383330345154
1565.0,17.0,376.0,293.5,16.0,45.0,0.0,0.0,0.0,0.7003448009490967
1566.0,28.0,93.5,295.5,29.0,81.0,0.0,0.0,0.0,0.7612992525100708
1570.0,17.0,403.0,285.5,32.0,73.0,0.0,0.0,0.0,0.5045113563537598
1572.0,17.0,531.5,282.0,37.0,114.0,0.0,0.0,0.0,0.7401406168937683
